id;conversation_id;num_characters;relative_time_seconds;message_type;responds_to_id;array_emojis;interrogative;exclamatory;sender_hash;mentioned_phones_hash;message_content
1;1663;11-50;0.0;text;;[];False;False;517d3fe8a4bacd58;[];rame banget disini cuy
2;1663;11-50;7.0;text;;[];False;False;517d3fe8a4bacd58;[];ketemuan di mall jam 3 ya
3;1663;11-50;413.0;text;;[];False;False;6cb7fd8d86a729e1;[];bsk sore ada waktu ga
4;1663;11-50;936.0;text;;[];False;False;517d3fe8a4bacd58;[];gw udah di parkiran nih
5;1663;11-50;996.0;text;;[];False;False;6cb7fd8d86a729e1;[];jangan lupa bawa duit cash
6;1663;11-50;1008.0;text;;[];False;False;6cb7fd8d86a729e1;[];jangan lupa bawa duit cash
7;1663;11-50;1017.0;text;;[];False;False;6cb7fd8d86a729e1;[];gw udah di parkiran nih
8;1663;0;1212.0;sticker/webp;;[];False;False;5c4174a89aef5c58;[];[Stiker]
9;1663;11-50;1484.0;text;;[];False;False;7cd05039751c8a39;[];jangan lupa bawa duit cash
10;1663;11-50;1492.0;text;;[];True;False;15357a396c545b41;[];ada yg mau,,, bareng?,,,
11;1663;0;1577.0;sticker/webp;;[];False;False;904f898e44eb019b;[];[Stiker]
12;1664;101-500;6245.0;text;;[];False;False;78bb5ecc66ccb40f;[];tadi sianggg gw makan di warungg makan baru deket gerbanggg belakang kampus. nasiiii gorengnya lumayannn enak dan harganya murahhh banget cuma 12 ribu udahh sama es teh. kayaknyaa bakal jadii langganan baru deh soalnyaa warteg biasa gw udah mulai naik harga dan porsinyaaa makin dikit aja
13;1664;51-100;6332.0;text;;['😂'];False;False;6cb7fd8d86a729e1;[];semalam hujan gede banget sampe kosan gw mati lampu semaleman gila
14;1664;11-50;6333.0;text;;[];False;False;517d3fe8a4bacd58;[];album baru dia enak banget
15;1664;51-100;6343.0;text;;[];False;False;78bb5ecc66ccb40f;[];gw gagal diet lagii soalnya tadiii sore diajakkkk makan baksoooo sama temennn
16;1664;11-50;6346.0;text;;[];False;True;517d3fe8a4bacd58;[];akhirnya kelar juga nih!
17;1664;11-50;6359.0;text;;[];False;False;517d3fe8a4bacd58;[];gw abis lari pagi tadi
18;1664;51-100;6364.0;text;;[];False;False;78bb5ecc66ccb40f;[];semalammm hujan gede banget sampee kosannn gw mati lampuuu semaleman gilaaa
19;1664;51-100;6364.0;text;;[];False;False;6cb7fd8d86a729e1;[];gw gagal diet lagi soalnya tadi sore diajak makan bakso sama temen
20;1664;11-50;6376.0;text;;[];False;False;6cb7fd8d86a729e1;[];gw lagi baca novel baru nih
21;1664;51-100;6381.0;text;;[];False;False;78bb5ecc66ccb40f;[];gw gagall diet lagiiii soalnya tadiiii soreee diajak makan bakso sama temen
22;1664;11-50;6394.0;text;;[];False;False;fa349f0a7e6afa78;[];album baru dia enak banget!!!
23;1664;11-50;6406.0;text;;[];False;False;6cb7fd8d86a729e1;[];podcast yg lu rekomen mana
24;1664;11-50;6408.0;text;;['😂'];False;False;6cb7fd8d86a729e1;[];gym hari ini skip deh
25;1664;11-50;6417.0;text;;[];False;False;6cb7fd8d86a729e1;[];manga terbaru udah keluar loh
26;1664;11-50;6430.0;text;;[];False;False;fa349f0a7e6afa78;[];game baru udah download belum!!
27;1664;11-50;6432.0;text;;[];False;False;6cb7fd8d86a729e1;[];gw lagi baca novel baru nih
28;1664;11-50;6436.0;text;;['😌'];False;False;78bb5ecc66ccb40f;[];gw lagi baca novel baru nihhh
29;1664;1-10;6441.0;text;;[];False;False;6cb7fd8d86a729e1;[];sans
30;1664;11-50;6452.0;text;;[];False;False;78bb5ecc66ccb40f;['517d3fe8a4bacd58'];konser ituuu mahal banget tiketnya
31;1664;11-50;6501.0;text;;[];False;False;517d3fe8a4bacd58;[];podcast yg lu rekomen mana
32;1664;11-50;6505.0;text;;[];False;False;517d3fe8a4bacd58;[];game baru udah download belum
33;1664;11-50;6514.0;text;;[];False;False;517d3fe8a4bacd58;[];badminton yuk sore ini
34;1664;1-10;6520.0;text;;[];False;False;517d3fe8a4bacd58;[];zonk
35;1664;11-50;6737.0;text;;['🤞🏼', '🍀'];False;True;6cb7fd8d86a729e1;['78bb5ecc66ccb40f'];akhirnya kelar juga nih!
36;1664;11-50;6751.0;text;;[];False;False;fa349f0a7e6afa78;[];gw lagi baca novel baru nih!!
37;1664;1-10;6754.0;text;;[];False;True;517d3fe8a4bacd58;[];buset!
38;1664;11-50;6776.0;text;;[];False;False;904f898e44eb019b;['78bb5ecc66ccb40f'];gw lagi baca... novel baru nih
39;1664;11-50;6777.0;text;;[];False;False;517d3fe8a4bacd58;[];gym hari ini skip deh
40;1664;0;6785.0;sticker/webp;;[];False;False;904f898e44eb019b;[];[Stiker]
41;1664;11-50;6793.0;text;;[];False;True;6cb7fd8d86a729e1;[];stress berat gw sama tugas!
42;1664;11-50;6908.0;text;;[];False;True;7cd05039751c8a39;[];stress berat gw sm tugas!
43;1664;11-50;6932.0;text;;[];False;False;517d3fe8a4bacd58;[];pertandingan bola tadi malam gila
44;1664;11-50;9682.0;text;;[];False;False;758552ae48a9c576;[];Futsal besok jadi ga.
45;1665;11-50;14392.0;text;;[];False;True;78bb5ecc66ccb40f;[];gilaa sihhhh lu bisa gitu!
46;1665;1-10;14516.0;text;;[];False;False;517d3fe8a4bacd58;[];iya
47;1665;11-50;15675.0;text;;[];False;False;78bb5ecc66ccb40f;[];tadi absen ga sihh kamu
48;1665;11-50;15759.0;text;;[];False;False;fa349f0a7e6afa78;[];perpus tutup jam berapa ya!!!
49;1665;11-50;15962.0;text;;[];True;False;758552ae48a9c576;[];lu dimana sekarang?
50;1665;11-50;15985.0;text;;[];False;False;517d3fe8a4bacd58;[];lab komputer penuh terus
51;1665;11-50;16031.0;text;;[];False;False;fa349f0a7e6afa78;[];tadi absen ga sih kamu!!!
52;1665;11-50;16100.0;text;;[];False;False;758552ae48a9c576;[];Matkul ini susah banget.
53;1665;11-50;16106.0;text;;[];False;False;758552ae48a9c576;[];IPK gw turun semester ini.
54;1665;1-10;16557.0;text;;[];False;False;78bb5ecc66ccb40f;[];iya
55;1665;1-10;16561.0;text;;[];False;False;78bb5ecc66ccb40f;[];iyaaa
56;1665;1-10;17029.0;text;;[];True;False;5c4174a89aef5c58;[];MANA?
57;1665;11-50;17034.0;text;;[];False;False;5c4174a89aef5c58;[];TADI ABSEN GA SIH KAMU
58;1666;0;32809.0;sticker/webp;;[];False;False;669b603e2fede363;[];[Stiker]
59;1666;0;33196.0;sticker/webp;;[];False;False;78bb5ecc66ccb40f;[];[Stiker]
60;1667;11-50;38470.0;text;;[];False;False;517d3fe8a4bacd58;[];gw lagi di warkop nih
61;1667;11-50;38485.0;text;;[];False;False;517d3fe8a4bacd58;[];ketemuan di mall jam 3 ya
62;1667;11-50;38489.0;text;;[];False;False;517d3fe8a4bacd58;[];gw udah di parkiran nih
63;1667;11-50;38491.0;text;;[];False;False;7cd05039751c8a39;[];gw udah di parkiran nih
64;1667;1-10;38502.0;text;;[];False;False;517d3fe8a4bacd58;[];kan
65;1667;1-10;38503.0;text;;[];False;False;7cd05039751c8a39;[];emm
66;1667;11-50;38508.0;text;;[];False;False;517d3fe8a4bacd58;[];gw naik ojol aja deh
67;1667;11-50;38513.0;text;;[];False;False;517d3fe8a4bacd58;[];gw naik ojol aja deh
68;1667;11-50;38517.0;text;;[];False;False;7cd05039751c8a39;[];bsk sore ad waktu ga
69;1667;11-50;38518.0;text;;[];False;False;7cd05039751c8a39;[];macet parah di jalan tol
70;1667;1-10;38530.0;text;;['😂'];False;False;517d3fe8a4bacd58;[];emm
71;1667;11-50;38530.0;text;;[];False;False;517d3fe8a4bacd58;[];macet parah di jalan tol
72;1667;11-50;38530.0;text;;[];False;False;7cd05039751c8a39;[];gw udah di parkiran nih
73;1667;51-100;38573.0;text;;[];True;False;7cd05039751c8a39;[];gmn caranya biar bs fokus belajar tanpa main hp terus ya?
74;1667;11-50;38588.0;text;;[];False;False;7cd05039751c8a39;[];gw naik ojol aja deh
75;1667;0;38892.0;sticker/webp;;[];False;False;5c4174a89aef5c58;[];[Stiker]
76;1667;11-50;38923.0;text;;[];False;False;517d3fe8a4bacd58;[];rame banget disini cuy
77;1668;1-10;68197.0;text;;[];False;False;6cb7fd8d86a729e1;[];dih
78;1668;0;68198.0;sticker/webp;;[];False;False;6cb7fd8d86a729e1;[];[Stiker]
79;1669;11-50;72292.0;text;;['👏🏻'];False;False;fa349f0a7e6afa78;[];badminton yuk sore ini!!
80;1669;1-10;72519.0;text;;[];False;False;517d3fe8a4bacd58;[];sans
81;1669;1-10;72979.0;text;;[];False;False;517d3fe8a4bacd58;[];oot
82;1669;1-10;72979.0;text;;[];False;False;517d3fe8a4bacd58;[];jir
83;1669;11-50;73474.0;text;;[];False;False;669b603e2fede363;[];podcsat yg lu rekomen mana
84;1669;0;73478.0;sticker/webp;;[];False;False;669b603e2fede363;[];[Stiker]
85;1669;1-10;73589.0;text;;[];False;False;669b603e2fede363;[];fyi
86;1669;11-50;74141.0;text;;[];True;False;7cd05039751c8a39;['875a798b5fe6ce5e'];ad sinyal ga disitu?
87;1669;11-50;75101.0;text;;['💪🏻'];False;False;78bb5ecc66ccb40f;[];album baru dia enak banget
88;1669;1-10;75109.0;text;;['😊'];False;False;669b603e2fede363;[];bete
89;1669;11-50;75142.0;text;;[];True;False;669b603e2fede363;[];msh bangun ga lu jam segini?
90;1669;0;75481.0;sticker/webp;;[];False;False;669b603e2fede363;[];[Stiker]
91;1669;11-50;76332.0;text;;[];False;False;517d3fe8a4bacd58;[];konser itu mahal banget tiketnya
92;1669;1-10;76337.0;text;;[];False;False;517d3fe8a4bacd58;[];kuy
93;1669;11-50;76366.0;text;;[];False;False;517d3fe8a4bacd58;[];album baru dia enak banget
94;1669;51-100;76368.0;text;;[];False;False;669b603e2fede363;[];gw hrs gnati srtategi bleajar sih soalnya nilai uts kemarin jelek bgt
95;1669;11-50;76377.0;text;;[];False;False;517d3fe8a4bacd58;[];badminton yuk sore ini
96;1669;1-10;76379.0;text;;[];False;False;517d3fe8a4bacd58;[];ih
97;1669;1-10;76388.0;text;;[];False;False;669b603e2fede363;[];oot
98;1669;11-50;76390.0;text;;[];False;False;517d3fe8a4bacd58;[];gw abis lari pagi tadi
99;1669;11-50;76391.0;text;;[];False;False;517d3fe8a4bacd58;[];series itu endingnya zonk bgt
100;1669;11-50;76401.0;text;;[];False;False;517d3fe8a4bacd58;[];pertandingan bola tadi malam gila
101;1669;11-50;76407.0;text;;[];False;False;517d3fe8a4bacd58;[];album baru dia enak banget
102;1669;11-50;76415.0;text;;[];False;False;517d3fe8a4bacd58;[];badminton yuk sore ini
103;1669;1-10;76445.0;text;;[];False;False;5c4174a89aef5c58;[];DIH
104;1669;1-10;76458.0;text;;[];False;False;669b603e2fede363;[];btee
105;1669;11-50;76461.0;text;;[];False;False;669b603e2fede363;[];gw lg baca novel baur nih
106;1669;0;76464.0;sticker/webp;;[];False;False;669b603e2fede363;[];[Stiker]
107;1669;1-10;76503.0;text;;['😅'];False;False;517d3fe8a4bacd58;[];sans
108;1669;11-50;76516.0;text;;[];True;False;517d3fe8a4bacd58;[];tadi ngomong apa sih dosennya?
109;1669;11-50;76530.0;text;;[];False;False;517d3fe8a4bacd58;[];pertandingan bola tadi malam gila
110;1669;11-50;76832.0;text;;[];False;False;669b603e2fede363;[];manga terbaru udah keluar loh
111;1669;11-50;76845.0;text;;['🤣'];False;False;669b603e2fede363;[];gym hari ni skip deh
112;1670;11-50;80465.0;text;;[];True;False;bd6a8d8230a32725;[];msh buka ga warungnya?
113;1670;11-50;80480.0;text;;[];False;False;517d3fe8a4bacd58;[];charger hp gw rusak lagi
114;1670;1-10;80486.0;text;;[];False;False;669b603e2fede363;[];hem
115;1670;11-50;80494.0;text;;[];False;False;517d3fe8a4bacd58;[];cuaca hari ini panas banget
116;1670;11-50;80684.0;text;;[];False;False;bd6a8d8230a32725;[];gw lg di atm btr
117;1670;11-50;80819.0;text;;[];True;False;fa349f0a7e6afa78;[];bisa jemput gw ga!!
118;1670;1-10;81568.0;text;;[];False;False;bd6a8d8230a32725;[];siapp
119;1670;11-50;81574.0;text;;[];False;False;bd6a8d8230a32725;[];charger hp gw rusak lg
120;1670;1-10;81638.0;text;;[];False;False;fa349f0a7e6afa78;[];gassss!!
121;1671;0;86750.0;sticker/webp;;[];False;False;904f898e44eb019b;[];[Stiker]
122;1671;0;87618.0;sticker/webp;;[];False;False;6cb7fd8d86a729e1;[];[Stiker]
123;1671;0;91493.0;sticker/webp;;[];False;False;6cb7fd8d86a729e1;[];[Stiker]
124;1672;51-100;98973.0;image/jpeg;;['😁', '✌🏼'];False;False;15357a396c545b41;[];[Foto]
125;1672;11-50;99002.0;text;;[];False;False;517d3fe8a4bacd58;[];ntar gw kabarin lagi deh
126;1672;51-100;99012.0;text;;[];False;False;15357a396c545b41;[];gw lagi dengerin podcast,,, tentang psikologi, lumayan buat nambah wawasan
127;1672;1-10;99019.0;text;125.0;[];False;False;15357a396c545b41;[];iyaa
128;1672;1-10;99020.0;text;;[];False;False;517d3fe8a4bacd58;[];yoii
129;1672;1-10;99022.0;text;;[];False;False;517d3fe8a4bacd58;[];iyaa
130;1672;1-10;99025.0;text;;[];False;False;78bb5ecc66ccb40f;[];okey
131;1672;11-50;99029.0;text;;[];False;False;517d3fe8a4bacd58;[];ntar gw kabarin lagi deh
132;1672;1-10;99031.0;text;;[];False;False;78bb5ecc66ccb40f;[];yesss
133;1672;11-50;99043.0;text;;[];False;False;517d3fe8a4bacd58;[];charger hp gw rusak lagi
134;1672;11-50;99055.0;text;;[];False;False;15357a396c545b41;[];capek banget hari ini asli
135;1672;11-50;99062.0;text;;[];False;False;78bb5ecc66ccb40f;[];baruu bangun nihhh masih ngantuk
136;1672;11-50;99062.0;text;;[];False;False;517d3fe8a4bacd58;[];dompet gw ketinggalan di rumah
137;1672;11-50;99062.0;text;;[];False;False;517d3fe8a4bacd58;[];dompet gw ketinggalan di rumah
138;1672;1-10;99063.0;text;;[];False;False;15357a396c545b41;[];seep
139;1672;1-10;99077.0;text;;[];False;False;15357a396c545b41;[];okey
140;1672;11-50;99078.0;text;;[];False;False;517d3fe8a4bacd58;[];lu tim mana dukungnya
141;1672;11-50;99088.0;text;;[];False;False;517d3fe8a4bacd58;[];baru bangun nih masih ngantuk
142;1672;11-50;99168.0;text;;[];False;False;15357a396c545b41;[];lu tim,,, mana dukungnya
143;1672;11-50;99173.0;text;;[];False;False;758552ae48a9c576;[];Internet mati lagi di kosan.
144;1672;51-100;99204.0;text;;[];False;False;15357a396c545b41;[];tadi gw antri di,,, administrasi kampus 2 jam,,, cuma,,, buat ngurus surat,,,
145;1673;0;108458.0;image/jpeg;;[];False;False;7cd05039751c8a39;[];[Foto]
146;1673;1-10;109397.0;text;;['😂'];False;False;78bb5ecc66ccb40f;[];anjay
147;1674;11-50;115251.0;text;;[];False;True;78bb5ecc66ccb40f;[];gokil abis pertandingannya!
148;1674;11-50;115534.0;text;;['😘'];False;True;6269a7046147856a;[];sumpahhh itu lucu parah!
149;1674;11-50;115576.0;text;;[];False;False;517d3fe8a4bacd58;[];lu tim mana dukungnya
150;1674;1-10;115588.0;text;;[];False;False;5c4174a89aef5c58;[];YESS
151;1674;11-50;115599.0;text;;[];False;False;5c4174a89aef5c58;[];GW BARU GANTI NOMOR BTW
152;1674;1-10;115641.0;text;;['💪🏻'];False;False;fa349f0a7e6afa78;[];okk!!
153;1674;11-50;115647.0;text;;['❤'];False;False;6269a7046147856a;[];hp gw lowbat nih
154;1674;11-50;115680.0;text;;['🥠', '🍀'];False;False;9678f75a4fb4c347;[];gw lagi di atm sebentar
155;1674;1-10;115717.0;text;;[];False;True;6cb7fd8d86a729e1;[];hebat!
156;1674;11-50;115783.0;text;;[];False;False;5c4174a89aef5c58;[];INTERNET MATI LAGI DI KOSAN
157;1674;1-10;115784.0;text;;[];False;False;6cb7fd8d86a729e1;[];yoii
158;1674;1-10;115786.0;text;;[];False;False;6cb7fd8d86a729e1;[];gassss
159;1674;11-50;115802.0;text;;[];False;False;fa349f0a7e6afa78;[];lu tim mana dukungnya!!!
160;1674;11-50;115803.0;text;;[];False;False;fa349f0a7e6afa78;[];gw lagi di atm sebentar!!
161;1674;11-50;115815.0;text;;[];False;False;6cb7fd8d86a729e1;[];cuaca hari ini panas banget
162;1674;11-50;115848.0;text;;[];False;False;fa349f0a7e6afa78;[];capek banget hari ini asli!!!
163;1674;11-50;115977.0;text;;[];False;True;758552ae48a9c576;['6269a7046147856a'];bahaya banget jalanannya!
164;1674;11-50;116067.0;text;;[];False;False;5c4174a89aef5c58;[];INTERNET MATI LAGI DI KOSAN
165;1674;51-100;116075.0;text;;['😉'];False;False;fa349f0a7e6afa78;[];gw lagi dengerin podcast tentang psikologi, lumayan buat nambah wawasan!!
166;1674;0;116133.0;video/mp4;;[];False;False;5c4174a89aef5c58;[];[Video]
167;1674;11-50;116134.0;text;;[];False;False;fa349f0a7e6afa78;[];bentar ya gw lg di jalan!!
168;1675;0;117082.0;image/jpeg;;[];False;False;7cd05039751c8a39;[];[Foto]
169;1675;0;117142.0;video/mp4;;[];False;False;5c4174a89aef5c58;[];[Video]
170;1675;11-50;117601.0;text;;['😍'];False;True;6269a7046147856a;[];seruuuu bangettt tadi malem!
171;1675;11-50;117602.0;text;;[];False;False;6269a7046147856a;[];bokap gw lagi di luar kota
172;1675;51-100;117640.0;text;;[];False;True;6269a7046147856a;[];ngakak parah tadii di kelas adaaa yang ketidurannn pas dosenn nerangin!
173;1675;11-50;118521.0;text;;[];False;False;fa349f0a7e6afa78;[];mama minta gw pulang weekend!!!
174;1675;1-10;119154.0;text;;['🤣'];False;False;6269a7046147856a;[];mager
175;1676;1-10;164850.0;text;;['🍀'];False;False;7cd05039751c8a39;[];wah
176;1676;11-50;164851.0;text;;[];False;False;7cd05039751c8a39;[];bsk sore ad waktu ga
177;1676;1-10;164957.0;text;;['♥'];False;False;669b603e2fede363;[];oii
178;1676;1-10;164961.0;text;;['🥺'];False;False;669b603e2fede363;[];oii
179;1676;1-10;165338.0;text;;['🍀'];False;True;15357a396c545b41;[];yay!
180;1676;11-50;165560.0;text;;[];False;False;fa349f0a7e6afa78;[];bsk sore ada waktu ga!!
181;1676;1-10;165593.0;text;;[];False;False;517d3fe8a4bacd58;[];ooh
182;1676;1-10;165596.0;text;;[];False;False;517d3fe8a4bacd58;[];kan
183;1676;11-50;165609.0;text;;[];False;False;517d3fe8a4bacd58;[];ketemuan di mall jam 3 ya
184;1677;1-10;178323.0;text;;[];False;False;758552ae48a9c576;[];Nah.
185;1677;11-50;178350.0;text;;[];False;False;517d3fe8a4bacd58;[];gw mau ambil cuti semester
186;1677;11-50;178352.0;text;;[];False;False;517d3fe8a4bacd58;[];gw baru aja dari kampus
187;1677;11-50;178357.0;text;;[];False;False;7cd05039751c8a39;[];seminar tadi lama bgt
188;1677;1-10;178378.0;text;;['😂'];False;False;517d3fe8a4bacd58;[];aman
189;1677;11-50;178431.0;text;;[];False;False;669b603e2fede363;[];seminra tadi lama bgt
190;1677;1-10;178587.0;text;;[];False;False;78bb5ecc66ccb40f;[];done
191;1677;11-50;178596.0;text;;[];True;False;78bb5ecc66ccb40f;[];ada yang punya catetan?
192;1677;11-50;178602.0;text;;[];True;False;78bb5ecc66ccb40f;[];gimanaaa kabar lu sekarang?
193;1677;1-10;178614.0;text;;['😂'];False;False;517d3fe8a4bacd58;[];nih
194;1677;11-50;178693.0;text;;[];False;False;fa349f0a7e6afa78;[];gw laper banget nih!!!
195;1677;11-50;179601.0;text;;[];True;False;5c4174a89aef5c58;[];BOLEH GW IKUT GA?
196;1677;1-10;179617.0;text;189.0;[];False;False;758552ae48a9c576;[];Bole.
197;1677;51-100;179635.0;text;;[];False;False;758552ae48a9c576;[];Gw udah bikin slides presentasi tapi kayaknya masih kurang bagus deh isinya.
198;1677;11-50;179637.0;text;;[];False;False;669b603e2fede363;[];propsoal skripsi gw ditolak
199;1677;11-50;179641.0;text;;[];False;False;669b603e2fede363;[];dosen pembimbing susah ditemui
200;1677;11-50;179680.0;text;;[];False;False;758552ae48a9c576;[];Kelas tambahan hari sabtu sih.
201;1677;51-100;179700.0;text;197.0;[];False;False;fa349f0a7e6afa78;[];gw udah bikin slides presentasi tapi kayaknya masih kurang bagus deh isinya!!!
202;1677;11-50;179770.0;text;;[];True;False;5c4174a89aef5c58;[];NTAR MALEM NGAPAIN?
203;1677;1-10;179770.0;text;;[];False;False;5c4174a89aef5c58;[];ASLI
204;1677;1-10;179770.0;text;;[];False;False;669b603e2fede363;[];asli
205;1677;1-10;179774.0;text;;[];False;False;669b603e2fede363;[];sabi
206;1677;1-10;179784.0;text;;[];False;False;5c4174a89aef5c58;[];SABI
207;1677;11-50;179786.0;text;;[];False;False;fa349f0a7e6afa78;[];seminar tadi lama banget!!
208;1677;1-10;179787.0;text;;[];False;False;669b603e2fede363;[];bole
209;1677;11-50;179792.0;text;;[];False;False;5c4174a89aef5c58;[];KELAS TAMBAHAN HARI SABTU SIH
210;1677;1-10;179801.0;text;;[];False;False;669b603e2fede363;[];sbai
211;1677;1-10;179804.0;text;;[];False;False;669b603e2fede363;[];bole
212;1677;11-50;179810.0;text;;[];False;False;669b603e2fede363;[];gw brau aja dr kampus
213;1677;0;179814.0;sticker/webp;;[];False;False;5c4174a89aef5c58;[];[Stiker]
214;1677;11-50;179829.0;text;;[];False;False;5c4174a89aef5c58;[];LU UDAH MAKAN BELUM
215;1677;0;179839.0;sticker/webp;;[];False;False;669b603e2fede363;[];[Stiker]
216;1677;1-10;179840.0;text;;[];False;False;669b603e2fede363;[];bloe
217;1677;11-50;179924.0;text;;[];False;False;5c4174a89aef5c58;[];PROPOSAL SKRIPSI GW DITOLAK
218;1677;11-50;179939.0;text;;[];False;False;5c4174a89aef5c58;[];GW LAPER BANGET NIH
219;1677;0;179944.0;sticker/webp;;[];False;False;5c4174a89aef5c58;[];[Stiker]
220;1677;11-50;180355.0;text;;[];False;False;758552ae48a9c576;[];Gw mau ambil cuti semester.
221;1677;51-100;180366.0;text;;[];False;False;758552ae48a9c576;[];Kemarin gw ke toko buku beli novel baru sama buku referensi buat skripsi.
222;1677;11-50;180386.0;text;;[];False;False;fa349f0a7e6afa78;[];lu udah makan belum!!!
223;1677;11-50;180394.0;text;;[];False;False;fa349f0a7e6afa78;[];mie ayam pak kumis juara sih!!
224;1677;11-50;180410.0;text;;[];False;False;758552ae48a9c576;[];Seminar tadi lama banget.
225;1677;11-50;180414.0;text;;[];False;False;758552ae48a9c576;[];Gw baru aja dari kampus.
226;1677;11-50;180426.0;text;;[];False;False;758552ae48a9c576;[];Gw mau ambil cuti semester.
227;1677;11-50;180434.0;text;;[];False;False;758552ae48a9c576;[];Proposal skripsi gw ditolak.
228;1677;11-50;180461.0;text;;[];False;False;fa349f0a7e6afa78;[];gw laper banget nih!!
229;1678;0;185980.0;video/mp4;;[];False;False;6cb7fd8d86a729e1;[];[Video]
230;1678;11-50;186103.0;text;;[];True;False;7cd05039751c8a39;[];booking duluan apa langsung aja?
231;1678;1-10;186285.0;text;;[];False;False;517d3fe8a4bacd58;[];bete
232;1678;11-50;186401.0;text;;[];False;False;7cd05039751c8a39;[];gym hari ni skip deh
233;1678;11-50;187194.0;text;;[];False;False;517d3fe8a4bacd58;[];gym hari ini skip deh
234;1678;1-10;187228.0;text;;[];False;False;7cd05039751c8a39;[];fyi
235;1678;1-10;187230.0;text;;[];False;False;7cd05039751c8a39;[];hoki
236;1679;11-50;192751.0;text;;['🙄'];True;False;78bb5ecc66ccb40f;[];masih bangunnnn ga lu jammm segini?
237;1679;11-50;192772.0;text;;[];True;False;517d3fe8a4bacd58;[];booking duluan apa langsung aja?
238;1679;11-50;192860.0;text;;[];False;False;6cb7fd8d86a729e1;[];gym hari ini skip deh
239;1679;11-50;192889.0;text;;[];False;False;517d3fe8a4bacd58;[];album baru dia enak banget
240;1679;11-50;192899.0;text;;[];False;False;517d3fe8a4bacd58;[];gym hari ini skip deh
241;1679;11-50;193083.0;text;;[];True;False;fa349f0a7e6afa78;[];booking duluan apa langsung aja!!
242;1679;1-10;193305.0;text;;['😏'];False;False;78bb5ecc66ccb40f;[];ih
243;1679;1-10;194337.0;text;;[];False;False;5c4174a89aef5c58;[];JIR
244;1679;0;194342.0;sticker/webp;;[];False;False;5c4174a89aef5c58;[];[Stiker]
245;1680;0;207591.0;image/jpeg;;[];False;False;7cd05039751c8a39;[];[Foto]
246;1680;11-50;207603.0;text;;[];False;False;7cd05039751c8a39;[];sarapan dulu baru mikir
247;1680;1-10;207609.0;text;;['😂'];False;False;78bb5ecc66ccb40f;[];ayok
248;1680;11-50;207613.0;text;;[];False;False;7cd05039751c8a39;[];sarapan dulu baru mikir
249;1680;1-10;207638.0;text;;['🤣'];False;False;6269a7046147856a;[];fix
250;1680;1-10;207693.0;text;;['😂'];False;False;904f898e44eb019b;[];woy
251;1680;1-10;207985.0;text;;['😂'];False;False;758552ae48a9c576;[];Lol.
252;1681;1-10;251578.0;text;;[];False;False;6cb7fd8d86a729e1;[];fyi
253;1681;11-50;251594.0;text;;[];False;False;6cb7fd8d86a729e1;[];gym hari ini skip deh
254;1681;11-50;251701.0;text;;['👀'];False;False;bd6a8d8230a32725;[];gw abis lari pagi tadi
255;1681;1-10;251714.0;text;;[];False;False;758552ae48a9c576;[];Ih.
256;1681;1-10;251761.0;text;;[];False;False;fa349f0a7e6afa78;[];njir!!!
257;1682;1-10;253141.0;text;;['🥺'];False;False;78bb5ecc66ccb40f;[];wkwkk
258;1682;1-10;253147.0;text;;[];False;False;78bb5ecc66ccb40f;[];wkwkkk
259;1682;11-50;253300.0;text;;[];True;False;5c4174a89aef5c58;[];JADI KETEMUAN GA HARI INI?
260;1682;11-50;253330.0;text;;[];False;False;78bb5ecc66ccb40f;[];ipkkk gw turunnn semester ini
261;1682;11-50;253827.0;text;;[];False;False;bd6a8d8230a32725;[];dosen gw galak bgt sih
262;1682;11-50;253846.0;text;;[];False;False;5c4174a89aef5c58;[];PRESENTASI GW AMBURADUL
263;1682;11-50;254275.0;text;;[];False;False;bd6a8d8230a32725;[];presentasi gw amburadul
264;1682;11-50;254298.0;text;;[];False;False;5c4174a89aef5c58;[];MATKUL INI SUSAH BANGET
265;1682;11-50;254385.0;text;;[];False;False;bd6a8d8230a32725;[];perpus tutup jam berapa ya
266;1682;1-10;254569.0;text;;[];False;False;7cd05039751c8a39;[];ok
267;1683;11-50;270712.0;text;;['🎉'];False;False;6cb7fd8d86a729e1;[];angkot ke sana masih ada ga
268;1683;11-50;270840.0;text;;[];False;False;758552ae48a9c576;[];Diem diem ternyata jadian.
269;1683;11-50;270867.0;text;;[];False;False;6cb7fd8d86a729e1;[];gw ga percaya sih gosipnya
270;1683;11-50;271139.0;text;;[];True;False;78bb5ecc66ccb40f;[];jadwal sidang kapan bro?
271;1683;51-100;271259.0;text;;[];False;False;6cb7fd8d86a729e1;[];lu harus coba kedai kopi baru di jalan belakang kampus, enak banget
272;1683;11-50;271263.0;text;;[];False;False;6cb7fd8d86a729e1;[];gw ga percaya sih gosipnya
273;1683;1-10;271829.0;text;;['🔝'];False;False;fa349f0a7e6afa78;[];gabut!!!
274;1683;11-50;272481.0;text;;['😘'];False;False;78bb5ecc66ccb40f;[];pacarnyaa baru siapa sih
275;1683;11-50;273331.0;text;;[];False;False;758552ae48a9c576;[];Gw kangen temen temen SMA.
276;1683;1-10;273336.0;text;;[];False;False;758552ae48a9c576;[];Hihi.
277;1683;11-50;273606.0;text;;[];False;False;517d3fe8a4bacd58;[];pacarnya baru siapa sih
278;1683;11-50;273618.0;text;;[];False;False;517d3fe8a4bacd58;[];gw berantem sama si anu
279;1683;11-50;273633.0;text;;[];True;False;517d3fe8a4bacd58;[];kos lu dimana sih tepatnya?
280;1683;1-10;273672.0;text;;[];False;False;517d3fe8a4bacd58;[];cape
281;1683;11-50;273685.0;text;;[];False;False;517d3fe8a4bacd58;[];eh denger gosip belum
282;1683;11-50;273696.0;text;;[];False;False;517d3fe8a4bacd58;[];pacarnya baru siapa sih
283;1683;11-50;273717.0;text;;[];False;False;517d3fe8a4bacd58;[];temenin gw dong besok
284;1683;1-10;273945.0;text;;[];False;False;517d3fe8a4bacd58;[];dong
285;1683;11-50;273958.0;text;;[];False;False;517d3fe8a4bacd58;[];eh denger gosip belum
286;1683;11-50;274281.0;text;;[];False;False;5c4174a89aef5c58;[];JANGAN BILANG SIAPA SIAPA YA
287;1683;1-10;274282.0;text;;[];True;False;5c4174a89aef5c58;[];BOLEH?
288;1683;101-500;274381.0;text;;[];True;False;6269a7046147856a;[];eh ada yang punya rekomendasi laptopp budget 5 jutaan yang baguss buatt kuliahh dan ngoding ga? laptoppp gw yangg sekaranggg udahh mulaiiii lemot dan sering ngehang kalooo buka banyak tab. pengennyaa sihhhh yanggg ringan buat dibawaaaa ke kampusss tapiiii tetep kencenggg performanya, ada saran?
289;1683;11-50;274461.0;text;;[];False;False;fa349f0a7e6afa78;[];gw kangen temen temen SMA!!!
290;1683;51-100;274486.0;text;;[];False;False;6269a7046147856a;[];lu harus coba kedai kopii baru di jalan belakang kampus, enak bangettt
291;1683;11-50;274548.0;text;;[];False;False;7cd05039751c8a39;[];gw kangen temen temen sma
292;1683;51-100;274565.0;text;;[];False;False;7cd05039751c8a39;[];gw baru aja dapet kabar kalo temen kita diterima kerja di luar negeri
293;1683;11-50;274579.0;text;;[];False;False;7cd05039751c8a39;[];gw kangen temen temen sma
294;1683;11-50;274584.0;text;;[];False;False;7cd05039751c8a39;[];reuni kapan ya kita
295;1683;101-500;274639.0;text;;[];False;False;6269a7046147856a;[];hari iniii gw iseng nyoba bikinnnn kopi pake metode v60 yang lagi hypeee di kalangan anakkk anakkk kampus. beli alatnya lumayan mahal sih tapiiii hasilnya emangggg bedaaa darii kopi sachet biasa. kopinya lebih smooth dan ga terlalu pahit. kayaknyaa gw bakalll ketagihan nihhh bikin kopi sendiri tiappp pagiiii sebelum ke kampus
296;1683;11-50;274656.0;text;;[];False;False;7cd05039751c8a39;[];eh denger gosip blm
297;1683;1-10;274660.0;text;;[];False;False;6269a7046147856a;[];ywd
298;1683;11-50;274663.0;text;;[];False;False;7cd05039751c8a39;[];gw ga percaya sih gosipnya
299;1683;51-100;274693.0;text;;[];False;False;6269a7046147856a;[];lu harus coba kedai kopi baru di jalan belakang kampus, enak bangett
300;1683;51-100;274735.0;text;;[];True;False;fa349f0a7e6afa78;[];lu pernah coba belajar bareng di perpus kota ga, enak ga disana!!!
301;1683;11-50;274749.0;text;;[];False;False;669b603e2fede363;[];reuni kapan ya ktia
302;1683;11-50;274753.0;text;;[];False;False;669b603e2fede363;[];gw ga percaya sih gosipnya
303;1683;1-10;274753.0;text;;[];False;False;669b603e2fede363;[];males
304;1683;101-500;274786.0;text;;[];False;False;6269a7046147856a;[];hari ini gw iseng nyoba bikinnn kopi pakeee metodeeee v60 yang lagi hypeee di kalangan anak anakkk kampus. belii alatnyaa lumayan mahal sihhh tapi hasilnya emang beda dari kopiiii sachet biasa. kopinya lebih smooth dan ga terlalu pahit. kayaknya gw bakal ketagihann nih bikin kopii sendirii tiap pagii sebelum ke kampussss
305;1683;11-50;274804.0;text;;[];False;False;7cd05039751c8a39;[];angkot ke sana msh ad ga
306;1683;11-50;274805.0;text;;[];False;False;7cd05039751c8a39;[];gw berantem sm si anu
307;1683;51-100;274821.0;text;;[];False;False;7cd05039751c8a39;[];lu hrs coba kedai kopi baru di jalan belakang kampus, enak bgt
308;1683;101-500;274858.0;text;;[];False;False;6269a7046147856a;[];hariiii ini gw iseng nyoba bikin kopi pake metodee v60 yangggg lagi hypeee di kalangan anakkkk anakk kampus. beli alatnya lumayan mahal sih tapiiii hasilnya emang beda dariiii kopiii sachett biasa. kopinyaaa lebih smooth dannn ga terlaluu pahit. kayaknya gw bakal ketagihan nih bikin kopiiii sendiri tiapp pagi sebelum ke kampus
309;1683;101-500;274869.0;text;;[];False;False;fa349f0a7e6afa78;[];hari ini gw iseng nyoba bikin kopi pake metode V60 yang lagi hype di kalangan anak anak kampus. beli alatnya lumayan mahal sih tapi hasilnya emang beda dari kopi sachet biasa. kopinya lebih smooth dan ga terlalu pahit. kayaknya gw bakal ketagihan nih bikin kopi sendiri tiap pagi sebelum ke kampus!!
310;1683;101-500;274954.0;text;;[];False;False;6269a7046147856a;[];hariii ini gw iseng nyobaa bikin kopi pake metode v60 yang lagiiii hypee di kalangan anak anak kampus. beli alatnyaa lumayann mahal sih tapiiii hasilnya emang bedaaaa dari kopii sachettt biasa. kopinyaa lebih smooth dan ga terlalu pahit. kayaknya gw bakalll ketagihann nih bikinnnn kopii sendiri tiapppp pagi sebelum ke kampus
311;1683;11-50;274965.0;text;;[];False;False;6269a7046147856a;[];eh denger gosippp belummm
312;1683;1-10;274969.0;text;;['😡'];False;False;6269a7046147856a;[];setuju
313;1683;51-100;274997.0;text;;[];False;True;6269a7046147856a;[];senengg bangetttt gw dapetttt tawarannn magang di perusahaannn impian gw!
314;1683;0;275157.0;sticker/webp;;[];False;False;5c4174a89aef5c58;[];[Stiker]
315;1683;1-10;275260.0;text;;['😂'];False;False;78bb5ecc66ccb40f;[];males
316;1683;51-100;275290.0;text;;[];False;False;78bb5ecc66ccb40f;[];wifi kosan gw lemotttt banget jadiiii gw ke perpuss ajaa buat ngerjain tugas
317;1683;1-10;275407.0;text;;['😂'];False;False;fa349f0a7e6afa78;[];gabut!!
318;1683;11-50;275437.0;text;;[];False;False;fa349f0a7e6afa78;[];diem diem ternyata jadian!!
319;1683;1-10;275451.0;text;;[];False;False;78bb5ecc66ccb40f;[];setujuuu
320;1683;11-50;275455.0;text;;[];False;False;78bb5ecc66ccb40f;[];pacarnyaaa baruuuu siapaaaa sih
321;1683;11-50;275507.0;text;;[];False;False;78bb5ecc66ccb40f;[];gw berantem sama si anuuuu
322;1683;11-50;275509.0;text;;[];False;False;78bb5ecc66ccb40f;[];gw berantem samaa si anu
323;1683;11-50;275517.0;text;;[];True;False;78bb5ecc66ccb40f;[];pinjammmm catetann bolehhh ga?
324;1683;11-50;275554.0;text;;[];False;False;904f898e44eb019b;[];pacarnya baru siapa sih
325;1683;1-10;275610.0;text;;[];False;False;7cd05039751c8a39;[];hihi
326;1683;11-50;275614.0;text;;[];False;False;7cd05039751c8a39;[];angkot ke sana msh ad ga
327;1683;11-50;275618.0;text;;[];True;False;7cd05039751c8a39;[];kos lu dmn sih tepatnya?
328;1683;11-50;275623.0;text;;[];False;False;78bb5ecc66ccb40f;[];gw ga percayaaa sih gosipnyaaa
329;1683;11-50;275654.0;text;;[];True;False;78bb5ecc66ccb40f;[];jadwal sidang kapan bro?
330;1683;1-10;275657.0;text;;[];False;False;78bb5ecc66ccb40f;[];dong
331;1683;11-50;275665.0;text;;[];False;False;78bb5ecc66ccb40f;['6269a7046147856a'];reuniii kapan ya kitaa
332;1683;1-10;275693.0;text;;[];False;False;9678f75a4fb4c347;[];gabut
333;1683;11-50;275709.0;text;;[];False;False;9678f75a4fb4c347;['6269a7046147856a'];angkot ke sana masih ada ga
334;1683;11-50;275713.0;text;;[];False;False;9678f75a4fb4c347;[];eh denger gosip belum
335;1683;1-10;275760.0;text;323.0;[];False;False;5c4174a89aef5c58;[];WKWKW
336;1683;1-10;276089.0;text;326.0;[];False;True;6269a7046147856a;[];joss!
337;1683;11-50;276099.0;text;;[];False;True;6269a7046147856a;['78bb5ecc66ccb40f', '9678f75a4fb4c347'];gw kaget pas dengerr itu!
338;1683;11-50;276114.0;text;;[];False;False;6269a7046147856a;[];angkot ke sana masih ada ga
339;1683;11-50;276118.0;text;;[];False;False;6269a7046147856a;[];jangan bilanggg siapa siapaaaa ya
340;1683;1-10;276120.0;text;;[];False;False;7cd05039751c8a39;[];males
341;1683;1-10;276126.0;text;;[];False;False;7cd05039751c8a39;[];males
342;1683;11-50;276142.0;text;;[];False;False;7cd05039751c8a39;[];diem diem ternyata jadian
343;1683;1-10;276142.0;text;;['😂'];False;False;7cd05039751c8a39;[];dong
344;1683;1-10;276142.0;text;;[];False;False;7cd05039751c8a39;[];sm
345;1683;101-500;276175.0;text;;[];False;True;6269a7046147856a;[];temen temen gw baru aja ngasih surprisee ulang tahun yangggg paling berkesann dalammm hidup gw! merekaaaa diem diem booking tempat makann favorit gw dan undang semua temennn deket. ada kue tartttt dan hadiahh yang gw pengen dari lama. gw sampe nangis terharu sumpah ga nyangkaaa merekaa sebaikk itu!
346;1683;11-50;276211.0;text;;[];False;False;78bb5ecc66ccb40f;[];gw berantemm sama si anu
347;1683;51-100;276288.0;text;;['😏'];True;False;6269a7046147856a;[];lu pernah coba belajar bareng di perpus kota ga, enakk ga disana?
348;1683;11-50;276318.0;text;;['😂'];False;False;fa349f0a7e6afa78;[];angkot ke sana masih ada ga!!
349;1683;11-50;276345.0;text;;[];False;False;78bb5ecc66ccb40f;[];temenin gw dong besok
350;1683;1-10;276353.0;text;;['🤣'];False;False;6269a7046147856a;[];malessss
351;1683;11-50;276357.0;text;;[];False;True;6269a7046147856a;[];gw kagett pas denger itu!
352;1683;11-50;276360.0;text;;[];True;False;6269a7046147856a;[];kos lu dimanaa sihh tepatnya?
353;1683;101-500;276381.0;text;;[];False;False;6269a7046147856a;[];harii ini gw iseng nyoba bikinnn kopi pakee metode v60 yanggg lagiiii hype di kalangan anak anakkk kampus. beli alatnya lumayann mahal sih tapi hasilnyaaa emang bedaa dariiii kopiiii sachetttt biasa. kopinyaaaa lebihhh smoothh dan ga terlaluuu pahit. kayaknyaa gw bakal ketagihan nih bikinn kopiii sendiriiii tiappp pagii sebelumm ke kampussss
354;1683;11-50;276385.0;text;;[];False;False;fa349f0a7e6afa78;[];gw berantem sama si anu!!
355;1683;11-50;276385.0;text;;[];False;False;6269a7046147856a;[];gw kangennn temenn temen sma
356;1683;11-50;276397.0;text;;[];False;False;fa349f0a7e6afa78;[];pacarnya baru siapa sih!!!
357;1683;11-50;276415.0;text;;[];False;False;6269a7046147856a;[];eh denger gosipp belummm
358;1683;1-10;276428.0;text;;[];False;False;6269a7046147856a;[];trussss
359;1683;11-50;276430.0;text;;[];False;True;6269a7046147856a;[];gw kagett passs denger itu!
360;1683;51-100;276445.0;text;;[];False;False;9678f75a4fb4c347;[];gw pengen banget liburan ke pantai tapi duit lagi tipis banget sekarang
361;1683;11-50;276469.0;text;;[];True;False;517d3fe8a4bacd58;[];kos lu dimana sih tepatnya?
362;1683;1-10;276479.0;text;;['😂'];False;False;517d3fe8a4bacd58;[];dong
363;1683;11-50;276480.0;text;;[];False;False;517d3fe8a4bacd58;[];pacarnya baru siapa sih
364;1683;11-50;276496.0;text;;[];False;False;517d3fe8a4bacd58;[];pacarnya baru siapa sih
365;1683;11-50;276502.0;text;;[];False;False;517d3fe8a4bacd58;[];gw berantem sama si anu
366;1683;11-50;276565.0;text;;[];False;False;6269a7046147856a;[];si ituuu udah putusss katanya
367;1683;11-50;276676.0;text;;[];False;False;fa349f0a7e6afa78;[];gw kangen temen temen SMA!!!
368;1683;11-50;276742.0;text;;[];False;False;517d3fe8a4bacd58;[];jangan bilang siapa siapa ya
369;1683;11-50;276746.0;text;;[];True;False;517d3fe8a4bacd58;[];jadwal sidang kapan bro?
370;1683;51-100;276772.0;text;;[];False;False;fa349f0a7e6afa78;[];wifi kosan gw lemot banget jadi gw ke perpus aja buat ngerjain tugas!!!
371;1683;11-50;276775.0;text;;[];False;False;fa349f0a7e6afa78;[];temenin gw dong besok!!!
372;1683;11-50;276788.0;text;;[];False;False;758552ae48a9c576;[];Gw kangen temen temen SMA.
373;1683;1-10;276790.0;text;;[];False;False;758552ae48a9c576;[];Wkwkw.
374;1683;11-50;276793.0;text;;[];False;False;758552ae48a9c576;[];Eh denger gosip belum.
375;1683;11-50;276793.0;text;;[];False;False;758552ae48a9c576;[];Gw ga percaya sih gosipnya.
376;1683;11-50;276944.0;text;;[];False;False;7cd05039751c8a39;[];jangan bilang siapa siapa ya
377;1683;11-50;277027.0;text;;[];False;False;78bb5ecc66ccb40f;[];pacarnya baru siapa sih
378;1683;1-10;277028.0;text;;[];True;False;78bb5ecc66ccb40f;[];boleh?
379;1683;11-50;277039.0;text;;[];False;False;758552ae48a9c576;[];Jangan bilang siapa siapa ya.
380;1683;11-50;277046.0;text;;[];False;False;758552ae48a9c576;[];Gw berantem sama si anu.
381;1683;11-50;277062.0;text;;[];False;False;78bb5ecc66ccb40f;[];si itu udahhh putusss katanya
382;1683;11-50;277075.0;text;;[];False;False;78bb5ecc66ccb40f;[];gw kangen temen temen sma
383;1683;11-50;277097.0;text;;[];True;False;78bb5ecc66ccb40f;['fa349f0a7e6afa78'];kapan terakhir kali ketemu?
384;1683;11-50;277115.0;text;;[];False;False;517d3fe8a4bacd58;[];gw berantem sama si anu
385;1683;51-100;277150.0;text;;[];False;False;78bb5ecc66ccb40f;[];lu harus coba kedai kopi baru di jalan belakang kampus, enakkkk banget
386;1683;11-50;277174.0;text;;[];False;False;517d3fe8a4bacd58;[];si itu udah putus katanya
387;1683;1-10;277213.0;text;;[];False;False;78bb5ecc66ccb40f;[];udah
388;1683;11-50;277221.0;text;;[];False;False;9678f75a4fb4c347;[];gw berantem sama si anu
389;1683;11-50;277408.0;text;;[];False;False;758552ae48a9c576;[];Pacarnya baru siapa sih.
390;1683;11-50;277468.0;text;;['🙄'];True;False;fa349f0a7e6afa78;[];jadwal sidang kapan bro!!!
391;1683;11-50;277564.0;text;;[];False;False;517d3fe8a4bacd58;[];gw berantem sama si anu
392;1683;11-50;277580.0;text;;[];False;False;517d3fe8a4bacd58;[];temenin gw dong besok
393;1683;1-10;277586.0;text;;[];False;False;517d3fe8a4bacd58;[];sama
394;1683;11-50;277586.0;text;;[];False;False;517d3fe8a4bacd58;[];pacarnya baru siapa sih
395;1683;11-50;277607.0;text;;[];False;False;517d3fe8a4bacd58;[];temenin gw dong besok
396;1683;11-50;277689.0;text;;[];True;False;fa349f0a7e6afa78;[];kos lu dimana sih tepatnya!!
397;1683;11-50;277706.0;text;;[];False;False;6cb7fd8d86a729e1;[];angkot ke sana masih ada ga
398;1683;1-10;277727.0;text;;['❤'];False;False;6cb7fd8d86a729e1;[];setuju
399;1683;11-50;277838.0;text;;[];False;False;78bb5ecc66ccb40f;[];temenin gw dong besok
400;1683;11-50;277843.0;text;;[];True;False;78bb5ecc66ccb40f;[];jadwal sidang kapan bro?
401;1683;51-100;277885.0;text;;[];False;False;fa349f0a7e6afa78;['517d3fe8a4bacd58'];gw pengen banget liburan ke pantai tapi duit lagi tipis banget sekarang!!
402;1683;11-50;277894.0;text;;[];False;False;517d3fe8a4bacd58;[];angkot ke sana masih ada ga
403;1683;1-10;277903.0;text;;[];False;False;517d3fe8a4bacd58;[];males
404;1683;1-10;277917.0;text;;[];False;False;78bb5ecc66ccb40f;[];amin
405;1683;11-50;277920.0;text;;[];False;False;fa349f0a7e6afa78;[];si itu udah putus katanya!!
406;1683;11-50;277921.0;text;;[];False;False;517d3fe8a4bacd58;[];angkot ke sana masih ada ga
407;1683;1-10;277924.0;text;;[];False;False;517d3fe8a4bacd58;[];udah
408;1683;11-50;277926.0;text;;[];False;False;78bb5ecc66ccb40f;[];pacarnyaaaa baruuu siapa sih
409;1683;11-50;277926.0;text;;[];False;False;517d3fe8a4bacd58;[];eh denger gosip belum
410;1683;11-50;277926.0;text;;[];True;False;fa349f0a7e6afa78;[];pinjam catetan boleh ga!!!
411;1683;1-10;277931.0;text;;[];False;False;78bb5ecc66ccb40f;[];hihiii
412;1683;11-50;277933.0;text;;[];False;False;78bb5ecc66ccb40f;[];si itu udah putussss katanya
413;1683;1-10;277935.0;text;;['👌🏻'];False;False;fa349f0a7e6afa78;[];hihi!!
414;1683;0;278176.0;sticker/webp;;[];False;False;5c4174a89aef5c58;[];[Stiker]
415;1683;1-10;278183.0;text;;[];False;False;758552ae48a9c576;[];Males.
416;1683;1-10;278188.0;text;;[];False;False;758552ae48a9c576;[];Amin.
417;1683;11-50;278229.0;text;;[];False;False;fa349f0a7e6afa78;[];jangan bilang siapa siapa ya!!!
418;1683;11-50;278235.0;text;;[];False;False;fa349f0a7e6afa78;[];diem diem ternyata jadian!!
419;1683;0;278279.0;sticker/webp;;[];False;False;5c4174a89aef5c58;[];[Stiker]
420;1684;101-500;282097.0;text;;[];True;False;6269a7046147856a;['758552ae48a9c576', '15357a396c545b41', '78bb5ecc66ccb40f', 'bd6a8d8230a32725', '5c4174a89aef5c58', '669b603e2fede363', '6cb7fd8d86a729e1', '9678f75a4fb4c347', '875a798b5fe6ce5e', '7cd05039751c8a39', '517d3fe8a4bacd58', '904f898e44eb019b'];menuruttt kaliannnn kenapaaa ya generasi kita tuhh kayaknya lebih gampangg stressss dann burnouttt dibandingggg generasi orang tua kita dulu? apa karena tekanan sosmed atau emangg tuntutan hidup yang makin tinggi ya? gw penasarannnn aja sih soalnya temen temen gw banyak yang ngeluh hal yangg sama
421;1684;1-10;282126.0;text;;[];False;False;9678f75a4fb4c347;[];ok
422;1684;1-10;282138.0;text;;[];False;False;9678f75a4fb4c347;[];ok
423;1684;0;282140.0;sticker/webp;;[];False;False;9678f75a4fb4c347;[];[Stiker]
424;1684;1-10;282148.0;text;;[];False;False;517d3fe8a4bacd58;[];otw
425;1684;101-500;282154.0;text;;[];False;False;6269a7046147856a;[];jadi ceritanya kemarin gw ke perpustakaannn pusattt buat nyari bahannn referensii skripsi, ternyata bukunya udah dipinjem semuaaa sama anakkk angkatannn sebelah. akhirnya gw cuma bisaaa fotokopi dari temennnn yang kebetulan punya. lumayan lah daripada ga dapettt samaaa sekali, tinggalll di rangkummm ajaa sisanyaaaa
426;1684;11-50;282154.0;text;;[];False;False;517d3fe8a4bacd58;[];lab komputer penuh terus
427;1684;11-50;282170.0;text;;[];False;False;517d3fe8a4bacd58;[];presentasi gw amburadul
428;1684;11-50;282174.0;text;;[];False;False;6269a7046147856a;[];deadline besok pagiiii bro
429;1684;1-10;282176.0;text;;[];False;False;517d3fe8a4bacd58;[];otw
430;1684;11-50;282186.0;text;;[];False;False;517d3fe8a4bacd58;[];dosen gw galak banget sih
431;1684;1-10;282205.0;text;;['👩🏽\u200d⚖'];False;False;6269a7046147856a;[];wkwk
432;1684;51-100;282238.0;text;;[];False;False;78bb5ecc66ccb40f;[];tadii gw ketemu dosen pembimbing dan dia minta revisii lagi untuk bab 3
433;1684;0;282262.0;sticker/webp;;[];False;False;517d3fe8a4bacd58;[];[Stiker]
434;1684;11-50;282287.0;text;;[];False;False;517d3fe8a4bacd58;[];IPK gw turun semester ini
435;1684;11-50;282296.0;text;;[];False;False;517d3fe8a4bacd58;[];tadi absen ga sih kamu
436;1684;11-50;282322.0;text;;['💩'];False;False;6269a7046147856a;[];presentasi gw amburadul
437;1684;11-50;283004.0;text;;[];False;True;78bb5ecc66ccb40f;[];mantap bangetttt hasilnya!
438;1684;51-100;283015.0;text;;[];False;False;78bb5ecc66ccb40f;['758552ae48a9c576'];gw baru ajaa selesaiiii ngerjainnn tugas sampeeee jam 3 pagi, mauu mati rasanyaaaa
439;1684;11-50;283693.0;text;;[];False;False;517d3fe8a4bacd58;[];tadi absen ga sih kamu
440;1684;11-50;283717.0;text;;[];False;False;517d3fe8a4bacd58;[];presentasi gw amburadul
441;1684;51-100;283751.0;text;;[];False;False;78bb5ecc66ccb40f;[];gw denger katanyaaaa semester depan adaa mata kuliahhh baru yangggg wajib diambill
442;1684;0;283776.0;sticker/webp;;[];False;False;5c4174a89aef5c58;[];[Stiker]
443;1685;11-50;287480.0;text;;['😘', '😍'];False;False;78bb5ecc66ccb40f;[];gw naik ojol aja dehhh
444;1685;11-50;287504.0;text;;[];False;False;6cb7fd8d86a729e1;[];gw ngga bisa ikut malem ini
445;1685;1-10;287518.0;text;;[];True;False;5c4174a89aef5c58;[];MAU?
446;1685;11-50;287616.0;text;;['😘'];False;False;9678f75a4fb4c347;[];kita ketemuan dimana aja deh
447;1685;1-10;287628.0;text;;[];False;False;517d3fe8a4bacd58;[];ahh
448;1685;1-10;287631.0;text;;[];False;False;5c4174a89aef5c58;[];HOO
449;1685;11-50;287639.0;text;;[];False;False;517d3fe8a4bacd58;[];kita ketemuan dimana aja deh
450;1685;11-50;287645.0;text;;[];False;False;517d3fe8a4bacd58;[];rame banget disini cuy
451;1685;11-50;287650.0;text;447.0;[];True;False;5c4174a89aef5c58;[];NILAI KELUAR KAPAN YA?
452;1685;11-50;287658.0;text;;[];False;False;5c4174a89aef5c58;[];JANGAN LUPA BAWA DUIT CASH
453;1685;11-50;287666.0;text;;[];False;False;517d3fe8a4bacd58;[];lu dimana sih lama banget
454;1685;1-10;287672.0;text;;[];False;False;5c4174a89aef5c58;[];KOK
455;1685;11-50;287676.0;text;;[];True;False;5c4174a89aef5c58;[];NILAI KELUAR KAPAN YA?
456;1685;1-10;287692.0;text;;[];False;False;5c4174a89aef5c58;[];WAH
457;1685;11-50;287693.0;text;;[];False;False;517d3fe8a4bacd58;[];macet parah di jalan tol
458;1685;51-100;287702.0;text;;[];False;False;517d3fe8a4bacd58;[];kemarin malem gw begadang nonton bola sampe subuh terus ketiduran
459;1685;11-50;287744.0;text;;[];False;False;5c4174a89aef5c58;[];RAME BANGET DISINI CUY
460;1685;11-50;287759.0;text;;[];False;False;5c4174a89aef5c58;[];GW NYARI PARKIR DULU BENTAR
461;1685;1-10;287761.0;text;;[];False;False;904f898e44eb019b;[];hoo
462;1685;11-50;287789.0;text;;[];False;False;517d3fe8a4bacd58;[];ketemuan di mall jam 3 ya
463;1685;1-10;287804.0;text;;[];False;False;904f898e44eb019b;[];kan
464;1685;11-50;287860.0;text;;[];False;False;5c4174a89aef5c58;[];KITA KETEMUAN DIMANA AJA DEH
465;1685;11-50;288201.0;text;;[];False;False;bd6a8d8230a32725;[];jangan lupa bawa... duit... cash
466;1685;11-50;288214.0;text;464.0;[];True;False;6269a7046147856a;[];nilaiii keluar kapan ya?
467;1685;11-50;288222.0;text;464.0;[];False;False;bd6a8d8230a32725;[];ketemuan di mall... jam 3 ya
468;1685;11-50;288226.0;text;;[];True;False;6269a7046147856a;[];ada yg mauuu bareng?
469;1685;11-50;288241.0;text;;[];False;False;bd6a8d8230a32725;[];lu dmn sih... lama bgt
470;1685;11-50;288246.0;text;;['🙊'];False;False;6269a7046147856a;[];macetttt parahhh di jalan tol
471;1685;11-50;288246.0;text;;[];False;False;6269a7046147856a;[];gw lagi di warkop nihhhh
472;1685;1-10;288257.0;text;;[];False;False;6269a7046147856a;[];yaaaaa
473;1685;11-50;288258.0;text;;[];False;False;5c4174a89aef5c58;[];JANGAN LUPA BAWA DUIT CASH
474;1685;11-50;288260.0;text;;[];False;True;6269a7046147856a;[];gw seneng banget dapet a!
475;1685;11-50;288277.0;text;;[];False;False;5c4174a89aef5c58;[];LU DIMANA SIH LAMA BANGET
476;1685;11-50;288324.0;text;;[];False;True;6269a7046147856a;[];gw senenggg bangett dapet a!
477;1685;11-50;288361.0;text;;[];False;False;758552ae48a9c576;[];Lu dimana sih lama banget.
478;1685;1-10;288364.0;text;;[];False;False;5c4174a89aef5c58;[];HOO
479;1685;1-10;288376.0;text;476.0;[];False;False;5c4174a89aef5c58;[];DEH
480;1685;51-100;288403.0;text;;[];False;False;6269a7046147856a;[];gw lagiii nyoba masakkk rendangggg resep nyokap tapi kayaknyaaa gagalll totallll deh
481;1685;51-100;288414.0;text;;[];False;False;6269a7046147856a;[];gw lagii nyoba masak rendang resep nyokap tapii kayaknya gagall totall deh
482;1685;11-50;288422.0;text;;[];False;False;6269a7046147856a;[];gw udahhh di parkiran nihhh
483;1685;11-50;288426.0;text;;[];False;False;6269a7046147856a;[];gw nggaaa bisa ikuttt malemm iniiii
484;1685;1-10;288501.0;text;;[];False;False;5c4174a89aef5c58;[];KAN
485;1685;1-10;288506.0;text;;[];False;False;5c4174a89aef5c58;[];OOH
486;1685;1-10;288739.0;text;;['💃🏽'];False;False;6269a7046147856a;[];kok
487;1685;0;289124.0;video/mp4;;[];False;False;5c4174a89aef5c58;[];[Video]
488;1685;11-50;289156.0;text;;[];True;False;bd6a8d8230a32725;[];ad yg mau bareng?
489;1685;1-10;289510.0;text;488.0;[];False;False;78bb5ecc66ccb40f;[];emmm
490;1685;11-50;289839.0;text;;[];False;False;bd6a8d8230a32725;[];gw ngga bs ikut malem ni
491;1685;0;289883.0;sticker/webp;;[];False;False;5c4174a89aef5c58;[];[Stiker]
492;1686;1-10;293285.0;text;;[];False;False;517d3fe8a4bacd58;[];aman
493;1686;1-10;293289.0;text;;[];False;False;517d3fe8a4bacd58;[];gpp
494;1686;11-50;293300.0;text;;[];False;False;517d3fe8a4bacd58;[];warteg depan kampus enak
495;1686;11-50;293476.0;text;;[];False;False;fa349f0a7e6afa78;[];sidang minggu depan doain ya!!!
496;1686;11-50;293494.0;text;;[];False;False;517d3fe8a4bacd58;[];lu udah makan belum
497;1686;11-50;293500.0;text;;[];False;False;517d3fe8a4bacd58;[];tugas kelompok bikin pusing
498;1686;11-50;293505.0;text;;[];False;False;517d3fe8a4bacd58;[];sidang minggu depan doain ya
499;1686;11-50;293708.0;text;;[];False;False;fa349f0a7e6afa78;[];sidang minggu depan doain ya!!
500;1686;1-10;293735.0;text;;[];False;False;517d3fe8a4bacd58;[];bole
501;1686;11-50;293740.0;text;;[];False;False;fa349f0a7e6afa78;[];seminar tadi lama banget!!!
502;1686;11-50;293749.0;text;;[];False;False;517d3fe8a4bacd58;[];seminar tadi lama banget
503;1687;1-10;295512.0;text;;[];False;False;517d3fe8a4bacd58;[];hoo
504;1687;1-10;295516.0;text;;[];False;False;517d3fe8a4bacd58;[];wah
505;1687;11-50;295528.0;text;;[];False;False;517d3fe8a4bacd58;[];lu dimana sih lama banget
506;1687;11-50;295614.0;text;;[];False;False;517d3fe8a4bacd58;[];ketemuan di mall jam 3 ya
507;1687;51-100;296271.0;text;;[];False;False;fa349f0a7e6afa78;[];gw harus nabung lebih banyak sih buat bayar uang semester yang naik!!
508;1687;11-50;296300.0;text;;[];False;False;758552ae48a9c576;[];Lu dimana sih lama banget.
509;1687;11-50;296303.0;text;;[];False;False;fa349f0a7e6afa78;[];gw udah di parkiran nih!!!
510;1687;1-10;296307.0;text;;['😂'];False;False;758552ae48a9c576;[];Ahh.
511;1687;1-10;296332.0;text;;['😂'];False;False;fa349f0a7e6afa78;[];wah!!!
512;1687;11-50;296332.0;text;;[];False;False;fa349f0a7e6afa78;[];kita ketemuan dimana aja deh!!
513;1687;0;296455.0;sticker/webp;;[];False;False;5c4174a89aef5c58;[];[Stiker]
514;1687;0;301921.0;sticker/webp;;[];False;False;78bb5ecc66ccb40f;[];[Stiker]
515;1688;1-10;330510.0;text;;[];True;False;5c4174a89aef5c58;[];KAPAN?
516;1688;11-50;330515.0;text;;[];False;False;5c4174a89aef5c58;[];MATKUL INI SUSAH BANGET
517;1688;11-50;330952.0;text;;[];True;False;6269a7046147856a;[];tugas dikumpul kapan sih?
518;1688;11-50;331203.0;text;;[];False;False;5c4174a89aef5c58;[];TADI ABSEN GA SIH KAMU
519;1688;11-50;331203.0;text;;[];False;False;5c4174a89aef5c58;[];GW BELOM MULAI TUGAS
520;1688;11-50;332431.0;text;;[];False;False;6269a7046147856a;[];gw skip kelas hariiii ini
521;1688;11-50;332436.0;text;;[];False;False;6269a7046147856a;[];ipk gw turunn semester ini
522;1688;11-50;332441.0;text;;[];False;False;6269a7046147856a;[];deadline besokk pagi broo
523;1688;1-10;332522.0;text;;['😢'];False;False;5c4174a89aef5c58;[];WKWK
524;1689;0;334348.0;sticker/webp;;[];False;False;78bb5ecc66ccb40f;[];[Stiker]
525;1689;51-100;335500.0;text;;[];False;False;15357a396c545b41;['875a798b5fe6ce5e'];gw baru dapet info beasiswa buat semester depan mau coba,,, daftar deh
526;1689;1-10;335692.0;text;;[];False;False;5c4174a89aef5c58;[];ZONK
527;1689;11-50;335705.0;text;;[];False;False;5c4174a89aef5c58;['875a798b5fe6ce5e'];PERTANDINGAN BOLA TADI MALAM GILA
528;1689;11-50;335712.0;text;;[];False;False;5c4174a89aef5c58;[];GW ABIS LARI PAGI TADI
529;1689;11-50;335979.0;text;;[];False;False;15357a396c545b41;[];album baru dia enak,,, banget
530;1689;11-50;336006.0;text;;[];False;False;6cb7fd8d86a729e1;[];gym hari ini skip deh
531;1689;11-50;336012.0;text;;[];False;False;6cb7fd8d86a729e1;['fa349f0a7e6afa78'];manga terbaru udah keluar loh
532;1689;11-50;336049.0;text;;[];False;False;15357a396c545b41;[];series itu endingnya zonk,,, bgt
533;1689;11-50;336482.0;text;;[];False;False;78bb5ecc66ccb40f;['5c4174a89aef5c58'];konser ituu mahal banget tiketnya
534;1689;11-50;336486.0;text;;[];False;False;78bb5ecc66ccb40f;[];manga terbaru udah keluar loh
535;1689;1-10;336486.0;text;;[];False;False;78bb5ecc66ccb40f;[];ih
536;1689;11-50;336490.0;text;;[];False;False;78bb5ecc66ccb40f;[];seriesss ituu endingnya zonkkkk bgt
537;1689;11-50;336491.0;text;;[];False;False;78bb5ecc66ccb40f;[];gym hari ini skippp deh
538;1689;11-50;336495.0;text;;[];False;False;5c4174a89aef5c58;[];ALBUM BARU DIA ENAK BANGET
539;1689;11-50;336503.0;text;;[];True;False;78bb5ecc66ccb40f;[];booking duluan apa langsung aja?
540;1689;1-10;336510.0;text;;[];False;False;5c4174a89aef5c58;[];KUY
541;1689;51-100;336515.0;text;;[];False;False;78bb5ecc66ccb40f;[];dosen killerrr ituu ternyata baikkk banget orangnya kalo diajakkk ngobrolll santaiii
542;1689;51-100;336524.0;text;;['😘'];False;False;fa349f0a7e6afa78;[];gw gagal diet lagi soalnya tadi sore diajak makan bakso sama temen!!
543;1689;11-50;336531.0;text;;[];False;False;fa349f0a7e6afa78;[];gw abis lari pagi tadi!!
544;1689;1-10;336540.0;text;;[];False;False;5c4174a89aef5c58;[];BETE
545;1689;0;336557.0;sticker/webp;;[];False;False;78bb5ecc66ccb40f;[];[Stiker]
546;1689;11-50;336558.0;text;;[];False;False;5c4174a89aef5c58;[];SERIES ITU ENDINGNYA ZONK BGT
547;1689;11-50;336567.0;text;;[];False;False;fa349f0a7e6afa78;[];game baru udah download belum!!
548;1689;11-50;336583.0;text;;[];False;False;5c4174a89aef5c58;[];ALBUM BARU DIA ENAK BANGET
549;1689;11-50;336605.0;text;;[];False;False;78bb5ecc66ccb40f;[];konserr itu mahal banget tiketnyaaaa
550;1689;0;336644.0;image/jpeg;;[];False;False;78bb5ecc66ccb40f;[];[Foto]
551;1689;11-50;336652.0;text;;[];False;False;78bb5ecc66ccb40f;['5c4174a89aef5c58'];pertandingan bola tadii malammm gilaa
552;1689;1-10;336663.0;text;;[];False;False;5c4174a89aef5c58;[];SANS
553;1689;1-10;336668.0;text;;[];False;False;5c4174a89aef5c58;[];ZONK
554;1689;11-50;336693.0;text;;['😏'];False;False;78bb5ecc66ccb40f;[];konser ituuu mahalll banget tiketnya
555;1689;1-10;336699.0;text;;['😏'];False;False;78bb5ecc66ccb40f;[];njirrrr
556;1689;1-10;336699.0;text;;[];False;False;78bb5ecc66ccb40f;[];btw
557;1689;11-50;336724.0;text;;[];False;False;5c4174a89aef5c58;[];FUTSAL BESOK JADI GA
558;1689;11-50;336741.0;text;;[];True;False;5c4174a89aef5c58;[];ADA SINYAL GA DISITU?
559;1689;11-50;337230.0;text;;['😌'];False;False;78bb5ecc66ccb40f;[];badminton yuk soree iniii
560;1690;0;338390.0;sticker/webp;;[];False;False;5c4174a89aef5c58;[];[Stiker]
561;1690;0;338936.0;sticker/webp;;[];False;False;78bb5ecc66ccb40f;[];[Stiker]
562;1690;0;339123.0;sticker/webp;;[];False;False;5c4174a89aef5c58;[];[Stiker]
563;1691;11-50;343025.0;text;;[];False;False;5c4174a89aef5c58;[];KETEMUAN DI MALL JAM 3 YA
564;1691;1-10;343028.0;text;;[];True;False;5c4174a89aef5c58;[];UDAH?
565;1691;51-100;343157.0;text;;[];False;False;6269a7046147856a;[];kemarin malem gw begadangggg nontonn bolaaaa sampe subuh terus ketiduran
566;1691;1-10;343193.0;text;;['😢'];False;False;5c4174a89aef5c58;[];EMM
567;1691;11-50;343200.0;text;;[];False;False;5c4174a89aef5c58;[];GW NYARI PARKIR DULU BENTAR
568;1691;11-50;343201.0;text;;[];False;False;5c4174a89aef5c58;[];RAME BANGET DISINI CUY
569;1691;11-50;343224.0;text;;[];False;True;6269a7046147856a;[];asik besokk liburr guys!
570;1691;11-50;343320.0;text;;[];True;False;78bb5ecc66ccb40f;[];adaa yg mau bareng?
571;1691;1-10;343491.0;text;;[];False;False;5c4174a89aef5c58;[];KOK
572;1691;11-50;343508.0;text;;['😏'];True;False;78bb5ecc66ccb40f;[];wifi password nya apa sih?
573;1691;11-50;343525.0;text;;[];False;False;5c4174a89aef5c58;[];MACET PARAH DI JALAN TOL
574;1691;11-50;343536.0;text;;[];False;False;5c4174a89aef5c58;[];KETEMUAN DI MALL JAM 3 YA
575;1691;11-50;343540.0;text;;[];False;False;5c4174a89aef5c58;[];JANGAN LUPA BAWA DUIT CASH
576;1691;11-50;343542.0;text;;[];False;False;5c4174a89aef5c58;[];JANGAN LUPA BAWA DUIT CASH
577;1691;11-50;343559.0;text;;[];False;False;5c4174a89aef5c58;['6269a7046147856a'];GW UDAH DI PARKIRAN NIH
578;1691;11-50;343589.0;text;;[];False;False;78bb5ecc66ccb40f;[];macetttt parah di jalan tol
579;1691;11-50;343594.0;text;;[];False;False;78bb5ecc66ccb40f;[];gw naik ojolll ajaaaa dehhh
580;1691;11-50;343601.0;text;;[];True;False;78bb5ecc66ccb40f;[];wifi password nya apaa sih?
581;1691;51-100;343609.0;text;;[];False;False;15357a396c545b41;['5c4174a89aef5c58'];gw lagi,,, nyoba masak rendang resep,,, nyokap tapi kayaknya gagal total deh
582;1691;1-10;343616.0;text;;[];False;False;5c4174a89aef5c58;[];DEH
583;1691;51-100;343635.0;text;;[];False;False;15357a396c545b41;[];kemarin malem gw,,, begadang,,, nonton bola,,, sampe subuh terus,,, ketiduran
584;1691;11-50;343637.0;text;;[];False;False;78bb5ecc66ccb40f;[];gw naik ojolll ajaaaa dehh
585;1691;11-50;343638.0;text;;[];False;False;78bb5ecc66ccb40f;[];kitaaa ketemuan dimana aja deh
586;1691;11-50;343662.0;text;;[];False;False;78bb5ecc66ccb40f;[];rame banget disinii cuy
587;1691;11-50;343683.0;text;;[];False;False;bd6a8d8230a32725;[];gw nyari parkir dulu bentar
588;1691;11-50;343705.0;text;;[];False;False;78bb5ecc66ccb40f;[];gw ngga bisa ikuttt malem ini
589;1691;11-50;343712.0;text;;[];True;False;6269a7046147856a;[];wifi passwordddd nya apa sih?
590;1691;101-500;343721.0;text;;['🤔', '🔴', '👉🏻', '👈🏻'];True;False;5c4174a89aef5c58;[];EH ADA YANG PUNYA REKOMENDASI LAPTOP BUDGET 5 JUTAAN YANG BAGUS BUAT KULIAH DAN NGODING GA? LAPTOP GW YANG SEKARANG UDAH MULAI LEMOT DAN SERING NGEHANG KALO BUKA BANYAK TAB. PENGENNYA SIH YANG RINGAN BUAT DIBAWA KE KAMPUS TAPI TETEP KENCENG PERFORMANYA, ADA SARAN?
591;1691;11-50;343750.0;text;;[];False;False;5c4174a89aef5c58;[];KETEMUAN DI MALL JAM 3 YA
592;1691;11-50;343757.0;text;589.0;[];False;False;5c4174a89aef5c58;[];MACET PARAH DI JALAN TOL
593;1691;51-100;343796.0;text;;['🤣'];False;False;6269a7046147856a;['517d3fe8a4bacd58'];temen sekamar gw pindahhh kosannn jadi sekarang gw sendirian di kamarr
594;1691;1-10;343805.0;text;;[];False;False;5c4174a89aef5c58;[];KAN
595;1691;11-50;343822.0;text;;['🙄'];False;False;6269a7046147856a;['9678f75a4fb4c347'];gw nggaa bisa ikutttt malem ini
596;1691;1-10;343833.0;text;;[];False;False;5c4174a89aef5c58;[];KOK
597;1691;11-50;343841.0;text;;[];False;False;5c4174a89aef5c58;[];RAME BANGET DISINI CUY
598;1691;51-100;343929.0;text;589.0;[];False;False;78bb5ecc66ccb40f;[];temen sekamarr gw pindahhhh kosannnn jadi sekarang gw sendirian di kamarrr
599;1691;11-50;343932.0;text;;[];False;False;78bb5ecc66ccb40f;[];lu dimanaaa sih lamaaaa banget
600;1691;1-10;343939.0;text;;['😐', '☹'];False;False;78bb5ecc66ccb40f;[];yaa
601;1691;11-50;343976.0;text;;[];False;False;78bb5ecc66ccb40f;[];gw udah di parkiran nih
602;1691;0;344032.0;video/mp4;601.0;[];False;False;5c4174a89aef5c58;[];[Video]
603;1691;51-100;344039.0;text;;[];False;False;15357a396c545b41;['78bb5ecc66ccb40f'];gw lagi nyoba,,, masak,,, rendang resep,,, nyokap tapi kayaknya gagal total deh,,,
604;1691;11-50;344052.0;text;;['💪🏻'];False;False;78bb5ecc66ccb40f;[];lu dimana sihh lama bangetttt
605;1691;11-50;344059.0;text;;[];False;False;78bb5ecc66ccb40f;[];gw lagi di warkopppp nih
606;1691;11-50;344087.0;text;;['😍'];False;False;78bb5ecc66ccb40f;[];gw naik ojol aja deh
607;1691;1-10;344106.0;text;;['👍🏼'];False;False;15357a396c545b41;[];kan
608;1691;11-50;344144.0;text;605.0;[];False;False;6269a7046147856a;[];gw naikk ojol ajaaaa dehhh
609;1691;1-10;344151.0;text;598.0;[];True;False;6269a7046147856a;[];jadi?
610;1691;11-50;344157.0;text;598.0;[];False;False;5c4174a89aef5c58;[];GW LAGI DI WARKOP NIH
611;1691;11-50;344158.0;text;;[];False;False;6269a7046147856a;[];lu dimanaaa sihhh lamaaaa banget
612;1691;11-50;344163.0;text;;[];False;False;5c4174a89aef5c58;[];MACET PARAH DI JALAN TOL
613;1691;11-50;344164.0;text;;[];False;False;5c4174a89aef5c58;[];GW NGGA BISA IKUT MALEM INI
614;1691;11-50;344174.0;text;;[];False;False;78bb5ecc66ccb40f;[];gw udah di parkiran nih
615;1691;11-50;344183.0;text;;[];False;False;78bb5ecc66ccb40f;[];jangan lupaa bawa duittt cash
616;1691;1-10;344186.0;text;;[];False;False;78bb5ecc66ccb40f;[];hooooo
617;1691;11-50;344193.0;text;;[];False;False;78bb5ecc66ccb40f;[];gw ngga bisaa ikutttt malem iniiii
618;1691;11-50;344196.0;text;;[];False;False;5c4174a89aef5c58;[];GW NYARI PARKIR DULU BENTAR
619;1691;11-50;344200.0;text;;[];False;False;5c4174a89aef5c58;[];GW NGGA BISA IKUT MALEM INI
620;1691;11-50;344208.0;text;;[];False;False;78bb5ecc66ccb40f;[];kitaaa ketemuann dimana aja dehh
621;1691;11-50;344208.0;text;;[];False;False;5c4174a89aef5c58;[];JANGAN LUPA BAWA DUIT CASH
622;1691;11-50;344216.0;text;;[];False;False;78bb5ecc66ccb40f;[];gw ngga bisaa ikutttt malem ini
623;1691;11-50;344220.0;text;;[];False;False;5c4174a89aef5c58;[];GW NGGA BISA IKUT MALEM INI
624;1691;1-10;344221.0;text;;[];False;False;5c4174a89aef5c58;[];KAN
625;1691;0;344240.0;sticker/webp;;[];False;False;78bb5ecc66ccb40f;[];[Stiker]
626;1691;11-50;344357.0;text;;[];False;False;5c4174a89aef5c58;[];LU DIMANA SIH LAMA BANGET
627;1691;1-10;344363.0;text;;[];False;False;5c4174a89aef5c58;[];AHH
628;1691;0;344458.0;sticker/webp;;[];False;False;78bb5ecc66ccb40f;[];[Stiker]
629;1691;11-50;344466.0;text;;[];False;False;15357a396c545b41;[];kita ketemuan dimana aja deh
630;1691;11-50;344491.0;text;;[];False;False;5c4174a89aef5c58;[];GW UDAH DI PARKIRAN NIH
631;1691;11-50;344498.0;text;;[];False;False;15357a396c545b41;[];jangan lupa bawa duit cash
632;1691;101-500;344510.0;text;;['🤔', '🔴', '👉🏻', '👈🏻'];True;False;5c4174a89aef5c58;[];GUYS ADA YANG TAU GA SIH KENAPA SISTEM REGISTRASI ONLINE KAMPUS SERING BANGET ERROR PAS MASA PENGISIAN KRS? TIAP SEMESTER SELALU GITU BIKIN STRES, MANA HARUS REBUTAN MATA KULIAH YANG KUOTANYA DIKIT BANGET LAGI. APA EMANG SERVERNYA GA KUAT YA NAMPUNG BANYAK MAHASISWA SEKALIGUS?
633;1691;11-50;344534.0;text;;[];False;False;5c4174a89aef5c58;[];RAME BANGET DISINI CUY
634;1691;11-50;344546.0;text;;[];False;False;6269a7046147856a;[];gw nyarii parkir duluuu bentarr
635;1691;11-50;344576.0;text;;[];False;False;78bb5ecc66ccb40f;[];gw naikkkk ojol aja deh
636;1691;11-50;344579.0;text;;[];False;False;78bb5ecc66ccb40f;[];gw lagi di warkoppp nih
637;1691;1-10;344780.0;text;;[];False;False;6269a7046147856a;[];kan
638;1691;11-50;344783.0;text;;[];False;False;6269a7046147856a;[];macettt parahhhh di jalannn tol
639;1691;51-100;344825.0;text;;[];False;False;6269a7046147856a;[];temenn sekamarrr gw pindah kosan jadi sekarang gw sendirian di kamar
640;1691;11-50;345419.0;text;;[];False;False;78bb5ecc66ccb40f;[];bsk sore adaaa waktuuu ga
641;1691;1-10;345423.0;text;;['😐'];False;False;78bb5ecc66ccb40f;[];yaa
642;1691;11-50;346290.0;text;;[];False;False;7cd05039751c8a39;[];gw nyari parkir dulu bentar
643;1691;1-10;346411.0;text;;[];False;False;5c4174a89aef5c58;[];EMM
644;1691;1-10;346415.0;text;;[];False;False;5c4174a89aef5c58;[];WAH
645;1691;11-50;346477.0;text;;[];True;False;15357a396c545b41;[];nilai keluar kapan ya?,,,
646;1691;11-50;346519.0;text;;[];False;False;7cd05039751c8a39;['875a798b5fe6ce5e'];rame bgt disini cuy
647;1691;11-50;347022.0;text;;[];False;False;7cd05039751c8a39;[];rame bgt disini cuy
648;1691;11-50;347080.0;text;;[];False;False;9678f75a4fb4c347;[];bsk sore ada waktu ga
649;1691;1-10;347099.0;text;;['🤣'];False;False;6269a7046147856a;[];oii
650;1691;11-50;348125.0;text;;[];False;False;78bb5ecc66ccb40f;[];gw lagi di warkoppp nih
651;1691;0;348417.0;sticker/webp;;[];False;False;5c4174a89aef5c58;[];[Stiker]
652;1692;0;354784.0;image/jpeg;;[];False;False;7cd05039751c8a39;[];[Foto]
653;1692;11-50;355021.0;text;;[];False;False;904f898e44eb019b;[];gw ga percaya sih gosipnya...
654;1692;11-50;355230.0;text;;[];False;False;9678f75a4fb4c347;[];temen gw sakit masuk RS
655;1692;0;355483.0;sticker/webp;;[];False;False;904f898e44eb019b;[];[Stiker]
656;1692;11-50;355484.0;text;;[];False;False;904f898e44eb019b;[];temen gw sakit masuk... RS
657;1692;0;355541.0;sticker/webp;;[];False;False;9678f75a4fb4c347;[];[Stiker]
658;1693;51-100;358267.0;text;;[];True;False;6cb7fd8d86a729e1;[];gimana caranya biar bisa fokus belajar tanpa main hp terus ya?
659;1693;11-50;358761.0;text;;['😂'];False;False;904f898e44eb019b;[];jangan lupa bawa duit cash
660;1693;0;358778.0;sticker/webp;;[];False;False;904f898e44eb019b;[];[Stiker]
661;1694;11-50;361206.0;text;;[];True;False;7cd05039751c8a39;[];jadi ketemuan ga hari ni?
662;1694;11-50;361702.0;text;;[];False;False;517d3fe8a4bacd58;[];eh tadi kelas seru banget
663;1694;11-50;361704.0;text;;[];False;False;517d3fe8a4bacd58;[];eh tadi kelas seru banget
664;1694;11-50;361741.0;text;;[];False;False;7cd05039751c8a39;[];tadi absen ga sih km
665;1694;1-10;361751.0;text;;[];False;False;7cd05039751c8a39;[];otw
666;1694;11-50;361761.0;text;;[];False;False;7cd05039751c8a39;[];deadline besok pagi bro
667;1694;1-10;361767.0;text;;[];False;False;517d3fe8a4bacd58;[];otw
668;1694;11-50;361775.0;text;;[];False;False;517d3fe8a4bacd58;[];gw skip kelas hari ini
669;1694;11-50;361802.0;text;;[];True;False;517d3fe8a4bacd58;[];lu dimana sekarang?
670;1694;11-50;361814.0;text;;[];False;False;7cd05039751c8a39;[];eh tadi kelas seru bgt
671;1694;1-10;361816.0;text;;[];False;False;7cd05039751c8a39;[];yoi
672;1694;11-50;361818.0;text;;[];False;False;7cd05039751c8a39;[];gw skip kelas hari ni
673;1694;11-50;361996.0;text;;[];False;False;517d3fe8a4bacd58;[];matkul ini susah banget
674;1694;1-10;361997.0;text;;[];False;False;517d3fe8a4bacd58;[];haha
675;1694;11-50;362011.0;text;;[];False;False;517d3fe8a4bacd58;[];matkul ini susah banget
676;1694;11-50;362020.0;text;;[];False;False;517d3fe8a4bacd58;[];deadline besok pagi bro
677;1694;0;362117.0;sticker/webp;;[];False;False;669b603e2fede363;[];[Stiker]
678;1694;11-50;362158.0;text;;[];False;False;517d3fe8a4bacd58;[];gw belom mulai tugas
679;1694;1-10;362174.0;text;;[];False;False;517d3fe8a4bacd58;[];dah
680;1694;11-50;362483.0;text;;[];False;False;669b603e2fede363;[];gw skip kelsa hari ni
681;1694;11-50;362494.0;text;;[];False;False;669b603e2fede363;[];eh tadi kelas seur bgt
682;1694;11-50;362509.0;image/jpeg;;[];False;False;669b603e2fede363;[];[Foto]
683;1694;1-10;362553.0;text;;[];False;False;517d3fe8a4bacd58;[];haha
684;1694;11-50;362560.0;text;;[];False;False;517d3fe8a4bacd58;[];eh tadi kelas seru banget
685;1694;11-50;362577.0;text;;[];False;False;517d3fe8a4bacd58;[];dosen gw galak banget sih
686;1694;11-50;362588.0;text;;[];False;False;517d3fe8a4bacd58;[];deadline besok pagi bro
687;1694;11-50;362752.0;text;;[];False;False;fa349f0a7e6afa78;[];dosen gw galak banget sih!!
688;1694;11-50;362756.0;text;;[];False;False;fa349f0a7e6afa78;[];presentasi gw amburadul!!!
689;1694;11-50;362808.0;text;;[];False;False;fa349f0a7e6afa78;[];gw skip kelas hari ini!!!
690;1695;51-100;373219.0;text;;[];True;False;904f898e44eb019b;[];lu pernah coba... belajar... bareng... di perpus kota ga, enak ga disana?
691;1695;11-50;373271.0;text;;[];True;False;904f898e44eb019b;[];kapan terakhir kali ketemu?
692;1695;0;373274.0;sticker/webp;;[];False;False;904f898e44eb019b;[];[Stiker]
693;1695;0;373274.0;sticker/webp;;[];False;False;904f898e44eb019b;[];[Stiker]
694;1696;1-10;381431.0;text;;[];True;False;517d3fe8a4bacd58;[];mau?
695;1696;1-10;381544.0;text;;[];False;False;669b603e2fede363;[];woi
696;1696;11-50;381548.0;text;;[];False;False;669b603e2fede363;[];gw naik ojol aja deh
697;1696;11-50;381567.0;text;;[];False;False;517d3fe8a4bacd58;[];gw ngga bisa ikut malem ini
698;1696;1-10;381569.0;text;;[];False;False;517d3fe8a4bacd58;[];emm
699;1696;0;381582.0;sticker/webp;;[];False;False;669b603e2fede363;[];[Stiker]
700;1696;11-50;381583.0;text;;[];False;False;669b603e2fede363;[];gw lg di warkop nih
701;1696;1-10;381584.0;text;;[];False;False;669b603e2fede363;[];yaa
702;1696;11-50;381594.0;text;;[];False;False;669b603e2fede363;[];jangan lupa bawa duit cash
703;1696;51-100;381748.0;text;;['☺'];False;False;669b603e2fede363;[];gw lg nyoba masak rednang resep nyokap tp kayaknya gagla totla deh
704;1696;1-10;381754.0;text;;[];False;False;669b603e2fede363;[];ooh
705;1696;0;381757.0;sticker/webp;;[];False;False;669b603e2fede363;[];[Stiker]
706;1696;1-10;381924.0;text;;[];False;False;517d3fe8a4bacd58;[];oii
707;1696;11-50;381935.0;text;;[];False;False;517d3fe8a4bacd58;[];rame banget disini cuy
708;1696;0;381953.0;sticker/webp;;[];False;False;669b603e2fede363;[];[Stiker]
709;1697;0;422140.0;sticker/webp;704.0;[];False;False;78bb5ecc66ccb40f;[];[Stiker]
710;1697;11-50;422581.0;image/jpeg;;[];False;False;669b603e2fede363;['875a798b5fe6ce5e', '7cd05039751c8a39'];[Foto]
711;1697;0;422653.0;sticker/webp;;[];False;False;7cd05039751c8a39;[];[Stiker]
712;1697;0;423456.0;sticker/webp;;[];False;False;78bb5ecc66ccb40f;[];[Stiker]
713;1698;0;426626.0;image/jpeg;;[];False;False;669b603e2fede363;[];[Foto]
714;1698;11-50;426644.0;text;;[];False;False;669b603e2fede363;[];gw baru ganti nomor btw
715;1698;11-50;426661.0;text;;[];False;False;669b603e2fede363;[];dompet gw ketinggalan di ruamh
716;1698;11-50;426671.0;text;;[];False;False;669b603e2fede363;[];ntar gw kabarin lg deh
717;1698;11-50;426743.0;text;;[];False;False;758552ae48a9c576;[];Gw mau tidur dulu ya.
718;1698;1-10;426790.0;text;716.0;[];False;False;669b603e2fede363;[];okk
719;1698;11-50;426795.0;text;;[];False;False;669b603e2fede363;[];lu tim mnaa dukungnya
720;1698;11-50;426810.0;text;;[];False;False;669b603e2fede363;[];gw lg sibuk bgt mniggu ni
721;1698;11-50;426810.0;text;;[];False;False;669b603e2fede363;[];charger hp gw ruska lg
722;1698;0;426817.0;sticker/webp;;[];False;False;669b603e2fede363;[];[Stiker]
723;1698;11-50;426848.0;text;;[];False;False;fa349f0a7e6afa78;[];hujan deres ga bawa payung!!!
724;1698;0;426881.0;video/mp4;;[];False;False;5c4174a89aef5c58;[];[Video]
725;1698;11-50;426891.0;text;;[];True;False;669b603e2fede363;[];lu pny kontak dia ga?
726;1698;11-50;427350.0;text;;[];False;False;fa349f0a7e6afa78;[];wifi kampus lemot parah!!!
727;1698;1-10;427449.0;text;;[];False;False;7cd05039751c8a39;[];seep
728;1698;1-10;428029.0;text;;[];False;False;758552ae48a9c576;[];Siapp.
729;1698;11-50;428039.0;text;;[];False;False;758552ae48a9c576;['875a798b5fe6ce5e'];Gw baru ganti nomor btw.
730;1698;0;428182.0;video/mp4;;[];False;False;669b603e2fede363;[];[Video]
731;1698;11-50;428183.0;text;;[];False;False;15357a396c545b41;[];charger hp,,, gw rusak,,, lagi
732;1698;51-100;428204.0;text;;[];True;False;669b603e2fede363;[];kapan ya terakhir kali kita suma ngumpul lengkap kyk dluu?
733;1698;11-50;428212.0;text;;[];False;False;669b603e2fede363;[];dompet gw ketinggalna di rumah
734;1698;1-10;428215.0;text;;['🤣'];False;False;669b603e2fede363;[];yses
735;1698;0;428888.0;video/mp4;;[];False;False;7cd05039751c8a39;[];[Video]
736;1698;11-50;428899.0;text;;[];False;False;7cd05039751c8a39;[];cuaca hari ni panas bgt
737;1698;11-50;428902.0;text;;[];False;False;7cd05039751c8a39;[];lu tim mana dukungnya
738;1698;11-50;428907.0;text;;[];False;False;7cd05039751c8a39;[];internet mati lg di kosan
739;1698;1-10;428913.0;text;;[];False;False;669b603e2fede363;[];eh
740;1698;1-10;428936.0;text;;[];False;False;669b603e2fede363;[];eh
741;1698;11-50;428948.0;text;;[];False;False;669b603e2fede363;[];cuaca hari ni panas bgt
742;1698;11-50;428960.0;text;;[];False;False;669b603e2fede363;[];ntar gw kabarin lg deh
743;1698;1-10;428961.0;text;;['🤣'];False;False;669b603e2fede363;[];yess
744;1698;51-100;428965.0;text;;[];True;False;669b603e2fede363;[];ad yg pny softcopy buku mata kuliah statistik semester ni ga?
745;1698;11-50;428967.0;text;;[];False;False;15357a396c545b41;['875a798b5fe6ce5e'];gw lg sibuk,,, bgt minggu ini
746;1698;11-50;428971.0;text;;[];False;False;15357a396c545b41;[];gw lg sibuk bgt minggu ini,,,
747;1698;11-50;428975.0;text;;[];False;False;669b603e2fede363;[];wifi kampsu lemot parha
748;1698;11-50;428979.0;text;;[];False;False;15357a396c545b41;[];lu tim,,, mana dukungnya,,,
749;1698;51-100;429091.0;text;;[];False;False;9678f75a4fb4c347;[];duit jajan gw abis padahal baru tanggal 15 harus ngirit banget nih
750;1698;51-100;429103.0;text;;['😂'];False;False;9678f75a4fb4c347;[];tadi gw antri di administrasi kampus 2 jam cuma buat ngurus surat
751;1698;11-50;429332.0;text;;[];True;False;669b603e2fede363;[];besok libur bukan sih?
752;1698;11-50;429332.0;text;;[];False;False;669b603e2fede363;[];baru bangun nih msh ngantuk
753;1698;1-10;429860.0;text;;[];False;False;7cd05039751c8a39;[];yoii
754;1698;11-50;429861.0;text;;[];True;False;7cd05039751c8a39;[];besok libur bukan sih?
755;1698;1-10;429878.0;text;;[];False;False;517d3fe8a4bacd58;[];eh
756;1698;11-50;429885.0;text;;[];False;False;517d3fe8a4bacd58;[];gw lg sibuk bgt minggu ini
757;1698;11-50;429966.0;text;;[];False;False;669b603e2fede363;[];cuaca hari ni panas bgt
758;1698;1-10;429979.0;text;;['🥺'];False;False;669b603e2fede363;[];eh
759;1698;11-50;429985.0;text;;[];False;False;517d3fe8a4bacd58;[];gw lg sibuk bgt minggu ini
760;1698;11-50;429996.0;text;;[];False;False;517d3fe8a4bacd58;[];ntar gw kabarin lagi deh
761;1698;51-100;430078.0;text;;['😂'];True;False;fa349f0a7e6afa78;[];gimana sih caranya bikin proposal penelitian yang bagus menurut dosen!!
762;1698;11-50;430158.0;text;;[];False;False;517d3fe8a4bacd58;[];bentar ya gw lg di jalan
763;1698;11-50;430160.0;text;;[];False;False;517d3fe8a4bacd58;[];baru bangun nih masih ngantuk
764;1698;51-100;430187.0;text;;[];False;False;517d3fe8a4bacd58;[];duit jajan gw abis padahal baru tanggal 15 harus ngirit banget nih
765;1698;11-50;430211.0;text;;[];False;False;904f898e44eb019b;[];charger hp gw rusak... lagi
766;1698;0;430214.0;sticker/webp;;[];False;False;904f898e44eb019b;[];[Stiker]
767;1698;11-50;430219.0;text;;[];False;False;fa349f0a7e6afa78;[];charger hp gw rusak lagi!!
768;1698;11-50;430231.0;text;;['😏'];False;False;fa349f0a7e6afa78;[];internet mati lagi di kosan!!
769;1698;11-50;430299.0;text;;[];False;False;904f898e44eb019b;[];hp gw lowbat nih
770;1698;1-10;430306.0;text;;[];False;False;904f898e44eb019b;[];eh
771;1698;11-50;430333.0;text;;[];True;False;517d3fe8a4bacd58;[];bisa jemput gw ga?
772;1698;11-50;430450.0;text;;[];False;False;904f898e44eb019b;[];lu tim mana dukungnya
773;1698;11-50;430451.0;text;;[];False;False;904f898e44eb019b;[];internet mati lagi di... kosan
774;1698;11-50;430466.0;text;;[];False;False;904f898e44eb019b;[];gw mau tidur dulu ya
775;1698;1-10;430681.0;text;;[];False;False;517d3fe8a4bacd58;[];seep
776;1698;11-50;430688.0;text;;[];False;False;517d3fe8a4bacd58;[];charger hp gw rusak lagi
777;1698;11-50;430691.0;text;;[];False;False;517d3fe8a4bacd58;[];dompet gw ketinggalan di rumah
778;1698;11-50;430704.0;text;;[];False;False;517d3fe8a4bacd58;[];ntar gw kabarin lagi deh
779;1698;1-10;431225.0;text;;[];False;False;5c4174a89aef5c58;[];EH
780;1698;1-10;431229.0;text;;[];False;False;5c4174a89aef5c58;[];AH
781;1698;1-10;431230.0;text;;[];False;False;5c4174a89aef5c58;[];SIAPP
782;1698;1-10;431231.0;text;;[];False;False;517d3fe8a4bacd58;[];oh
783;1698;1-10;431233.0;text;;[];False;False;517d3fe8a4bacd58;[];eh
784;1698;11-50;431239.0;text;;[];False;False;5c4174a89aef5c58;[];CHARGER HP GW RUSAK LAGI
785;1698;11-50;431249.0;text;;[];False;False;517d3fe8a4bacd58;[];hujan deres ga bawa payung
786;1698;1-10;431263.0;text;;[];True;False;5c4174a89aef5c58;[];GK?
787;1698;11-50;431266.0;text;;[];False;False;5c4174a89aef5c58;[];NTAR GW KABARIN LAGI DEH
788;1698;11-50;431363.0;text;;[];False;False;517d3fe8a4bacd58;[];capek banget hari ini asli
789;1698;11-50;431374.0;text;;[];False;False;517d3fe8a4bacd58;[];gw lagi di atm sebentar
790;1698;51-100;431402.0;text;;[];False;False;fa349f0a7e6afa78;[];gw seneng banget akhirnya bisa ketemu temen temen lama setelah lama ga!!
791;1698;1-10;431740.0;text;;[];True;False;78bb5ecc66ccb40f;[];mw?
792;1698;11-50;431823.0;text;;[];False;False;fa349f0a7e6afa78;[];wifi kampus lemot parah!!
793;1698;1-10;431919.0;text;;[];False;False;6cb7fd8d86a729e1;[];yess
794;1698;51-100;432040.0;text;;[];True;False;15357a396c545b41;['78bb5ecc66ccb40f', '5c4174a89aef5c58'];gimana sih,,, caranya bikin,,, proposal penelitian yang bagus,,, menurut dosen?
795;1698;11-50;432049.0;text;;[];True;False;669b603e2fede363;[];msh buak ga warungnya?
796;1698;11-50;432077.0;text;;[];False;False;6cb7fd8d86a729e1;[];gw baru ganti nomor btw
797;1698;1-10;432087.0;text;;['🙊'];False;False;669b603e2fede363;[];ah
798;1698;51-100;432366.0;text;;[];False;False;fa349f0a7e6afa78;['6cb7fd8d86a729e1'];tadi gw antri di administrasi kampus 2 jam cuma buat ngurus surat!!
799;1698;51-100;432410.0;text;;[];False;False;fa349f0a7e6afa78;[];tadi gw antri di administrasi kampus 2 jam cuma buat ngurus surat!!
800;1698;11-50;432421.0;text;;[];False;False;78bb5ecc66ccb40f;[];gw mau tidurrrr duluu ya
801;1698;11-50;432427.0;text;;[];False;False;78bb5ecc66ccb40f;[];gw baruuuu gantiiii nomorrr btwwww
802;1698;11-50;432430.0;text;;[];False;False;6cb7fd8d86a729e1;[];hujan deres ga bawa payung
803;1698;11-50;432433.0;text;;[];False;False;6cb7fd8d86a729e1;[];bentar ya gw lg di jalan
804;1698;11-50;432978.0;text;;['💪🏻'];False;False;78bb5ecc66ccb40f;[];gw lg sibuk bgt minggu ini
805;1698;11-50;433096.0;text;;['💪🏿'];False;False;9678f75a4fb4c347;['875a798b5fe6ce5e'];lu tim mana dukungnya
806;1698;1-10;433275.0;text;;[];False;False;5c4174a89aef5c58;[];AH
807;1698;1-10;433286.0;text;;[];False;False;5c4174a89aef5c58;[];AH
808;1698;11-50;433297.0;text;;[];True;False;5c4174a89aef5c58;['78bb5ecc66ccb40f'];BESOK LIBUR BUKAN SIH?
809;1698;11-50;433318.0;text;;[];False;False;5c4174a89aef5c58;[];HUJAN DERES GA BAWA PAYUNG
810;1698;51-100;433379.0;text;;[];False;False;78bb5ecc66ccb40f;['5c4174a89aef5c58'];gw lagi dengerin podcast tentanggg psikologi, lumayan buat nambah wawasann
811;1698;1-10;433381.0;text;;[];False;False;78bb5ecc66ccb40f;[];yess
812;1698;1-10;433392.0;text;;[];False;False;5c4174a89aef5c58;[];HEM
813;1698;11-50;433415.0;text;;[];False;False;5c4174a89aef5c58;[];HUJAN DERES GA BAWA PAYUNG
814;1698;11-50;433635.0;text;;[];False;False;15357a396c545b41;[];ntar gw kabarin lagi deh
815;1698;11-50;433650.0;text;;[];False;False;15357a396c545b41;[];bentar ya gw lg di jalan
816;1698;11-50;433663.0;text;;[];False;False;15357a396c545b41;[];hujan deres ga bawa payung
817;1698;1-10;433711.0;text;;[];False;False;6cb7fd8d86a729e1;[];okk
818;1698;1-10;433722.0;text;;[];False;False;fa349f0a7e6afa78;[];yoii!!!
819;1698;11-50;433734.0;text;;[];False;False;6cb7fd8d86a729e1;[];wifi kampus lemot parah
820;1698;11-50;433746.0;text;;[];False;False;78bb5ecc66ccb40f;[];bentar ya gw lg di jalan
821;1698;1-10;433747.0;text;;['😌'];False;False;78bb5ecc66ccb40f;[];eh
822;1698;0;433749.0;sticker/webp;;[];False;False;78bb5ecc66ccb40f;[];[Stiker]
823;1698;11-50;433749.0;text;;[];False;False;78bb5ecc66ccb40f;[];gw lg sibuk bgt minggu ini
824;1698;51-100;433778.0;text;;[];False;False;78bb5ecc66ccb40f;[];gw senenggg banget akhirnya bisa ketemu temen temen lamaa setelah lamaa ga
825;1698;11-50;433836.0;text;;[];False;False;fa349f0a7e6afa78;[];gw lagi di atm sebentar!!!
826;1698;11-50;433922.0;text;;[];False;False;78bb5ecc66ccb40f;[];gw mauu tidur dulu ya
827;1698;11-50;434097.0;text;;[];False;False;fa349f0a7e6afa78;[];cuaca hari ini panas banget!!!
828;1698;11-50;434100.0;text;;[];False;False;fa349f0a7e6afa78;[];gw baru ganti nomor btw!!
829;1698;11-50;434404.0;text;;[];False;False;6cb7fd8d86a729e1;[];ntar gw kabarin lagi deh
830;1698;1-10;434407.0;text;;[];False;False;6cb7fd8d86a729e1;[];yoii
831;1698;51-100;434440.0;text;;['😂'];False;False;fa349f0a7e6afa78;[];gw seneng banget akhirnya bisa ketemu temen temen lama setelah lama ga!!
832;1698;11-50;435317.0;text;;[];False;False;758552ae48a9c576;[];Bentar ya gw lg di jalan.
833;1698;1-10;435890.0;text;;[];False;False;5c4174a89aef5c58;[];GASSSS
834;1698;51-100;436716.0;text;;[];True;False;78bb5ecc66ccb40f;['875a798b5fe6ce5e'];gimana sihh caranya bikin proposallll penelitian yangg bagus menurut dosen?
835;1699;0;437619.0;sticker/webp;;[];False;False;5c4174a89aef5c58;[];[Stiker]
836;1699;0;437620.0;sticker/webp;;[];False;False;5c4174a89aef5c58;[];[Stiker]
837;1699;11-50;437882.0;text;;[];False;False;904f898e44eb019b;[];duit bulanan belum dikirim
838;1699;11-50;437889.0;text;;[];False;False;904f898e44eb019b;[];duit bulanan belum dikirim
839;1699;1-10;437899.0;text;;[];False;False;904f898e44eb019b;[];mager
840;1700;11-50;447153.0;text;;[];False;False;5c4174a89aef5c58;[];SARAPAN DULU BARU MIKIR
841;1700;51-100;447220.0;text;;[];True;False;5c4174a89aef5c58;[];ADA YANG TAU KENAPA KANTIN KAMPUS TUTUP LEBIH AWAL HARI INI GA SIH?
842;1700;11-50;447291.0;text;;[];False;False;5c4174a89aef5c58;[];SARAPAN DULU BARU MIKIR
843;1700;11-50;447312.0;text;;[];False;False;5c4174a89aef5c58;[];SARAPAN DULU BARU MIKIR
844;1700;11-50;447320.0;text;;[];False;False;5c4174a89aef5c58;[];SARAPAN DULU BARU MIKIR
845;1700;51-100;447361.0;text;;[];False;False;5c4174a89aef5c58;[];GW LAGI BINGUNG MILIH TOPIK SKRIPSI ANTARA DUA TEMA YANG SAMA MENARIKNYA
846;1700;11-50;447376.0;text;;[];False;False;5c4174a89aef5c58;[];ES TEH MANIS SATU YA BANG
847;1700;1-10;447398.0;text;;['😢'];False;False;5c4174a89aef5c58;[];LOL
848;1700;51-100;447457.0;text;;[];False;False;5c4174a89aef5c58;[];WEEKEND INI GW MAU STAYCATION AJA DI KOSAN BINGE WATCHING SERIES BARU
849;1700;51-100;447554.0;text;;[];False;False;6cb7fd8d86a729e1;[];weekend ini gw mau staycation aja di kosan binge watching series baru
850;1700;11-50;447581.0;text;;[];False;False;fa349f0a7e6afa78;[];tadi gw makan nasi padang!!!
851;1700;11-50;447638.0;text;;[];False;False;904f898e44eb019b;[];gw lagi diet tapi gagal mulu
852;1700;51-100;448336.0;text;;[];False;False;78bb5ecc66ccb40f;[];tadi di kantinnnn ketemuuuu anak angkatan bawahhh yanggg kenall samaa temennnn smaaa gw
853;1701;11-50;463815.0;text;;[];False;False;fa349f0a7e6afa78;['875a798b5fe6ce5e'];gw mau nyoba restoran baru!!
854;1701;11-50;463938.0;text;;[];False;False;fa349f0a7e6afa78;[];bakso malang itu buka ga ya!!!
855;1702;11-50;468212.0;text;;[];True;False;fa349f0a7e6afa78;[];ada sinyal ga disitu!!!
856;1702;0;469623.0;video/mp4;;[];False;False;5c4174a89aef5c58;[];[Video]
857;1702;11-50;469627.0;text;;[];False;False;5c4174a89aef5c58;[];ALBUM BARU DIA ENAK BANGET
858;1702;1-10;469632.0;text;;[];True;False;5c4174a89aef5c58;[];JD?
859;1702;1-10;469750.0;text;;[];False;False;7cd05039751c8a39;[];ih
860;1702;11-50;469949.0;text;;[];False;False;5c4174a89aef5c58;[];GYM HARI INI SKIP DEH
861;1702;11-50;469961.0;text;;[];False;False;5c4174a89aef5c58;[];FUTSAL BESOK JADI GA
862;1703;0;514439.0;unknown;;[];False;False;5c4174a89aef5c58;[];[Media tidak dikenal]
863;1703;0;514448.0;unknown;;[];False;False;5c4174a89aef5c58;[];[Media tidak dikenal]
864;1704;0;515770.0;sticker/webp;;[];False;False;78bb5ecc66ccb40f;[];[Stiker]
865;1704;0;516461.0;sticker/webp;;[];False;False;7cd05039751c8a39;[];[Stiker]
866;1705;11-50;519763.0;text;;[];False;False;669b603e2fede363;[];film baru di bioskop bagus ga
867;1705;11-50;519767.0;text;;[];True;False;669b603e2fede363;[];lu lg ngapain sih?
868;1705;11-50;520175.0;text;;[];False;False;669b603e2fede363;[];playlist lo yg mana sih
869;1705;11-50;520183.0;text;;[];False;False;669b603e2fede363;[];adke gw mausk sma tahun ni
870;1705;11-50;520190.0;text;;[];False;False;669b603e2fede363;[];nyokap nanya kpaan lulus
871;1705;11-50;520204.0;text;;[];False;False;669b603e2fede363;[];kakak gw baru aja nikah
872;1705;1-10;520209.0;text;;['😭'];False;False;669b603e2fede363;[];niec
873;1705;0;520247.0;audio;;[];False;False;758552ae48a9c576;[];[Voice Note]
874;1705;1-10;520282.0;text;;[];False;False;669b603e2fede363;[];yess
875;1705;0;520310.0;audio;;[];False;False;758552ae48a9c576;[];[Voice Note]
876;1705;0;520454.0;audio;;[];False;False;758552ae48a9c576;[];[Voice Note]
877;1705;11-50;520479.0;text;;[];False;False;6cb7fd8d86a729e1;[];duit bulanan belum dikirim
878;1705;11-50;520488.0;text;;['👌🏻'];False;False;fa349f0a7e6afa78;[];bokap gw lagi di luar kota!!!
879;1705;11-50;520489.0;text;;[];True;False;fa349f0a7e6afa78;[];lu lagi ngapain sih!!
880;1705;11-50;520516.0;text;;[];True;False;fa349f0a7e6afa78;[];kenapa ga bales chat gw!!
881;1705;0;520517.0;audio;;[];False;False;758552ae48a9c576;[];[Voice Note]
882;1705;51-100;520541.0;text;;[];False;False;fa349f0a7e6afa78;[];adek gw mau masuk kuliah tahun depan gw harus bantu cariin info jurusan!!
883;1705;11-50;520550.0;text;;[];False;False;6cb7fd8d86a729e1;[];kakak gw baru aja nikah
884;1705;11-50;520555.0;text;;[];False;False;fa349f0a7e6afa78;[];adek gw masuk SMA tahun ini!!!
885;1705;0;520626.0;audio;;[];False;False;758552ae48a9c576;[];[Voice Note]
886;1705;1-10;520708.0;text;;[];False;False;758552ae48a9c576;[];Gini.
887;1705;11-50;520719.0;text;;[];True;False;758552ae48a9c576;[];kenapa ga bales chat gw?
888;1705;11-50;520726.0;text;;[];False;False;758552ae48a9c576;[];Bokap gw lagi di luar kota.
889;1705;11-50;520734.0;text;;[];False;False;758552ae48a9c576;[];Gw kangen masakan rumah.
890;1705;0;520808.0;audio;;[];False;False;758552ae48a9c576;[];[Voice Note]
891;1705;11-50;521052.0;text;;[];False;False;758552ae48a9c576;[];Mama minta gw pulang weekend.
892;1705;1-10;521162.0;text;;[];False;False;fa349f0a7e6afa78;[];gila!!
893;1705;11-50;521178.0;text;;[];False;False;fa349f0a7e6afa78;[];gw lagi marathon drakor nih!!!
894;1705;11-50;522039.0;text;871.0;[];False;True;7cd05039751c8a39;[];ngakak gw liat video tu!
895;1705;1-10;522272.0;text;;['😢'];False;False;669b603e2fede363;[];nice
896;1705;11-50;522282.0;text;;[];True;False;669b603e2fede363;[];knp ga balse chat gw?
897;1705;11-50;522382.0;text;;[];False;False;7cd05039751c8a39;[];duit bulanan blm dikirim
898;1705;0;522795.0;sticker/webp;;[];False;False;5c4174a89aef5c58;[];[Stiker]
899;1705;11-50;523309.0;application/x-zip-compressed;;[];False;False;758552ae48a9c576;[];[application/x-zip-compressed]
900;1705;11-50;523311.0;text;;[];False;False;758552ae48a9c576;['875a798b5fe6ce5e'];Kakak gw baru aja nikah.
901;1705;11-50;523379.0;text;;[];False;False;5c4174a89aef5c58;[];PLAYLIST LO YANG MANA SIH
902;1705;11-50;523405.0;text;;[];False;False;5c4174a89aef5c58;[];ADEK GW MASUK SMA TAHUN INI
903;1705;0;523406.0;sticker/webp;;[];False;False;5c4174a89aef5c58;[];[Stiker]
904;1705;11-50;524193.0;text;;[];False;False;6cb7fd8d86a729e1;[];film baru di bioskop bagus ga
905;1705;51-100;524703.0;text;;[];False;False;fa349f0a7e6afa78;[];adek gw mau masuk kuliah tahun depan gw harus bantu cariin info jurusan!!!
906;1705;51-100;524735.0;text;;[];False;False;fa349f0a7e6afa78;[];tadi pagi gw olahraga lari keliling kampus 5 putaran badan pegel semua!!
907;1705;1-10;525187.0;text;;[];False;False;5c4174a89aef5c58;[];MAGER
908;1705;11-50;525192.0;text;;[];False;False;5c4174a89aef5c58;[];GW KANGEN MASAKAN RUMAH
909;1705;1-10;525199.0;text;;[];False;False;5c4174a89aef5c58;[];YESS
910;1705;11-50;525988.0;text;;[];False;False;78bb5ecc66ccb40f;[];duit bulanan belummm dikirim
911;1706;0;526813.0;image/jpeg;;[];False;False;7cd05039751c8a39;[];[Foto]
912;1706;11-50;526818.0;text;;[];False;False;7cd05039751c8a39;[];dosen gw galak bgt sih
913;1706;11-50;526856.0;text;;[];False;False;904f898e44eb019b;[];gw lg ngerjain tugas nih
914;1706;1-10;527371.0;text;;['😍', '😂'];False;False;78bb5ecc66ccb40f;[];wkwkkk
915;1707;11-50;539083.0;text;;[];False;False;6269a7046147856a;[];gw lg sibuk bgtt mingguuuu ini
916;1707;11-50;539084.0;text;;[];True;False;6269a7046147856a;[];bisa jemputt gw ga?
917;1707;11-50;539087.0;text;;[];True;False;6269a7046147856a;[];besok libur bukan sih?
918;1708;11-50;542050.0;text;;[];False;False;9678f75a4fb4c347;[];pertandingan bola tadi malam gila
919;1708;11-50;542063.0;text;;[];False;False;9678f75a4fb4c347;[];futsal besok jadi ga
920;1708;51-100;542076.0;text;;[];False;False;9678f75a4fb4c347;[];dosen killer itu ternyata baik banget orangnya kalo diajak ngobrol santai
921;1708;11-50;542087.0;text;;[];False;False;9678f75a4fb4c347;[];pertandingan bola tadi malam gila
922;1708;11-50;542141.0;text;;[];False;False;9678f75a4fb4c347;[];futsal besok jadi ga
923;1708;1-10;542143.0;text;;[];False;False;9678f75a4fb4c347;[];sans
924;1708;11-50;542700.0;text;;[];False;False;517d3fe8a4bacd58;[];game baru udah download belum
925;1708;11-50;542716.0;text;;[];False;False;517d3fe8a4bacd58;[];gym hari ini skip deh
926;1708;1-10;542726.0;text;;[];False;False;9678f75a4fb4c347;[];fyi
927;1708;11-50;542734.0;text;;[];False;False;9678f75a4fb4c347;[];podcast yg lu rekomen mana
928;1708;11-50;542743.0;text;;[];False;False;9678f75a4fb4c347;[];series itu endingnya zonk bgt
929;1708;11-50;542744.0;text;;[];False;False;9678f75a4fb4c347;[];manga terbaru udah keluar loh
930;1709;51-100;545494.0;text;;[];False;True;6269a7046147856a;['517d3fe8a4bacd58'];akhirnya selesai juga skripsiii gw setelah perjuangan berbulan bulan!
931;1709;1-10;545535.0;text;;[];False;False;517d3fe8a4bacd58;[];aman
932;1709;1-10;545537.0;text;;[];False;False;517d3fe8a4bacd58;[];hmm
933;1709;11-50;545557.0;text;;[];False;False;517d3fe8a4bacd58;[];sidang minggu depan doain ya
934;1709;11-50;545601.0;text;;[];True;False;6269a7046147856a;[];gimana kabar lu sekarang?
935;1709;11-50;545608.0;text;;[];False;False;6269a7046147856a;[];seminar tadi lamaa banget
936;1709;51-100;545653.0;text;;[];False;False;6269a7046147856a;[];jangan lupa besok kumpul di lobby kampus jamm 8 pagi buatt berangkatt bareng
937;1709;11-50;545661.0;text;;[];True;False;78bb5ecc66ccb40f;[];ada yang punya catetan?
938;1709;11-50;545670.0;text;;[];False;True;6269a7046147856a;[];parah sihhh tadi kejadiannya!
939;1709;11-50;545673.0;text;;[];False;False;78bb5ecc66ccb40f;[];tugas kelompok bikinn pusingg
940;1709;1-10;545682.0;text;;[];False;False;7cd05039751c8a39;[];nih
941;1709;51-100;545682.0;text;;[];False;False;78bb5ecc66ccb40f;[];gw udah bikin slidessss presentasi tapii kayaknya masih kurang baguss dehh isinya
942;1709;1-10;545684.0;text;;['😅'];False;False;78bb5ecc66ccb40f;[];nah
943;1709;1-10;545698.0;text;;['😳'];False;False;6269a7046147856a;[];nahhh
944;1709;11-50;545701.0;text;;[];False;False;7cd05039751c8a39;[];tugas kelompok bikin pusing
945;1709;11-50;545705.0;text;;[];False;False;78bb5ecc66ccb40f;[];wartegggg depan kampus enak
946;1709;11-50;545711.0;text;;[];False;False;7cd05039751c8a39;[];mie ayam pak kumis juara sih
947;1709;11-50;545725.0;text;;[];False;False;78bb5ecc66ccb40f;[];gw laperr bangettt nih
948;1709;1-10;545748.0;text;;[];False;False;78bb5ecc66ccb40f;[];gaje
949;1709;11-50;545754.0;text;;['🙄'];False;False;78bb5ecc66ccb40f;[];proposal skripsi gw ditolakk
950;1709;51-100;545754.0;text;;['😏'];False;False;78bb5ecc66ccb40f;[];jangan lupaaaa besokk kumpul di lobby kampuss jammmm 8 pagi buatttt berangkattt barengggg
951;1709;11-50;545756.0;text;;[];True;False;5c4174a89aef5c58;[];NTAR MALEM NGAPAIN?
952;1709;11-50;545761.0;text;951.0;[];True;False;78bb5ecc66ccb40f;[];gimanaaaa kabar lu sekarang?
953;1709;1-10;545765.0;text;;[];False;False;7cd05039751c8a39;[];tuh
954;1709;11-50;545775.0;text;;[];False;False;78bb5ecc66ccb40f;[];gw mau ambill cuti semester
955;1709;1-10;545779.0;text;;[];False;False;5c4174a89aef5c58;[];TUH
956;1709;1-10;545780.0;text;;[];False;False;5c4174a89aef5c58;[];AMAN
957;1709;11-50;545784.0;text;;[];False;False;7cd05039751c8a39;[];warteg depan kampus enak
958;1709;51-100;545807.0;text;;['😭'];False;False;6269a7046147856a;['78bb5ecc66ccb40f'];kemarinn gw ke toko buku beli novel baru sama bukuuu referensiii buat skripsiiii
959;1709;11-50;545833.0;text;;['🙄'];False;False;78bb5ecc66ccb40f;[];tugas kelompok bikin pusingg
960;1709;1-10;545888.0;text;;['🤯', '😭'];False;False;6269a7046147856a;[];bole
961;1709;11-50;545890.0;text;;[];False;False;6269a7046147856a;[];gw baru ajaaa dari kampus
962;1709;11-50;545903.0;text;;[];False;False;6269a7046147856a;[];kelas tambahan hari sabtu sih
963;1709;11-50;545946.0;text;;[];True;False;6269a7046147856a;[];bolehhh gw ikutt ga?
964;1709;11-50;545947.0;text;;[];False;False;6269a7046147856a;[];gw baruuuu ajaa dariiii kampus
965;1709;1-10;545956.0;text;;[];False;False;6269a7046147856a;[];gaje
966;1709;1-10;545999.0;text;;[];False;False;78bb5ecc66ccb40f;[];nah
967;1709;11-50;546041.0;text;;[];True;False;6269a7046147856a;[];boleh gw ikut ga?
968;1709;11-50;546098.0;text;;[];True;False;78bb5ecc66ccb40f;[];ntar malem ngapain?
969;1709;11-50;546111.0;text;;['🙄'];False;False;78bb5ecc66ccb40f;[];tugass kelompok bikinnnn pusing
970;1709;11-50;546134.0;text;;[];False;False;6269a7046147856a;[];seminarrrr tadi lamaaaa banget
971;1709;1-10;546155.0;text;;['😤'];False;False;6269a7046147856a;[];asli
972;1709;11-50;546168.0;text;;[];False;False;5c4174a89aef5c58;[];SIDANG MINGGU DEPAN DOAIN YA
973;1709;1-10;546174.0;text;;[];False;False;5c4174a89aef5c58;[];GAJE
974;1709;11-50;546199.0;text;;[];False;False;6269a7046147856a;[];dosen pembimbing susah ditemuiii
975;1709;51-100;546207.0;text;;[];False;False;6269a7046147856a;[];gw lagi mikirin mau ambil magang di perusahaan manaa buat semester depan
976;1709;11-50;546208.0;text;;[];False;False;6269a7046147856a;[];kelas tambahan hari sabtu sih
977;1709;11-50;546213.0;text;;[];False;False;6269a7046147856a;[];dosen pembimbing susah ditemui
978;1709;11-50;546226.0;text;;[];False;False;5c4174a89aef5c58;[];KELAS TAMBAHAN HARI SABTU SIH
979;1709;11-50;546234.0;text;;[];False;False;6269a7046147856a;[];lu udah makan belumm
980;1709;11-50;546238.0;text;;[];False;False;5c4174a89aef5c58;['6269a7046147856a'];LU UDAH MAKAN BELUM
981;1709;1-10;546243.0;text;;[];False;False;5c4174a89aef5c58;[];BET
982;1709;11-50;546252.0;text;;[];False;False;7cd05039751c8a39;[];seminar tadi lama bgt
983;1709;11-50;546265.0;text;;['💪🏻'];False;False;7cd05039751c8a39;[];tugas kelompok bikin pusing
984;1709;11-50;546280.0;text;;[];False;False;7cd05039751c8a39;[];tugas kelompok bikin pusing
985;1709;51-100;546295.0;text;;['🤣'];False;True;6269a7046147856a;[];akhirnya selesaiii jugaaa skripsi gw setelah perjuangan berbulann bulan!
986;1709;11-50;546310.0;text;;[];True;False;669b603e2fede363;[];ad yg pny catetan?
987;1709;1-10;546313.0;text;;['🙊'];False;False;669b603e2fede363;[];done
988;1709;11-50;546323.0;text;;[];False;False;7cd05039751c8a39;[];lu udah makan blm
989;1709;11-50;546326.0;text;;[];False;False;7cd05039751c8a39;[];kelas tambahan hari sabtu sih
990;1709;1-10;546342.0;text;;['🤣'];False;False;6269a7046147856a;[];nih
991;1709;11-50;546373.0;text;;[];False;False;7cd05039751c8a39;[];proposal skripsi gw ditolak
992;1709;1-10;546383.0;text;;[];False;False;78bb5ecc66ccb40f;[];done
993;1709;11-50;546388.0;text;;[];False;False;78bb5ecc66ccb40f;[];dosennn pembimbingg susahhhh ditemui
994;1709;11-50;546390.0;text;;[];False;False;78bb5ecc66ccb40f;[];gw laper bangetttt nihhh
995;1709;11-50;546398.0;text;;[];False;False;78bb5ecc66ccb40f;[];sidang mingguuuu depan doain ya
996;1709;11-50;546405.0;text;;[];False;False;78bb5ecc66ccb40f;[];dosenn pembimbing susah ditemui
997;1709;1-10;546408.0;text;;['😌'];False;False;78bb5ecc66ccb40f;[];gpp
998;1709;51-100;546425.0;text;;[];False;False;669b603e2fede363;[];gw uadh bikin sildes presentasi tp kayaknya msh kurang bagus deh isinya
999;1709;11-50;546440.0;text;;[];False;False;78bb5ecc66ccb40f;[];mieee ayamm pakkkk kumis juara sih
1000;1709;51-100;546457.0;text;;['😏'];False;False;78bb5ecc66ccb40f;['5c4174a89aef5c58'];gw udah bikin slidesss presentasiiii tapiiii kayaknya masih kurangggg bagus deh isinyaa
1001;1709;1-10;546474.0;text;;[];False;False;5c4174a89aef5c58;[];TUH
1002;1709;11-50;546476.0;text;;[];False;False;5c4174a89aef5c58;[];SEMINAR TADI LAMA BANGET
1003;1709;1-10;546483.0;text;;[];False;False;5c4174a89aef5c58;[];NIH
1004;1709;1-10;546496.0;text;;['🤣'];False;False;6269a7046147856a;[];gaje
1005;1709;11-50;546508.0;text;;[];False;False;7cd05039751c8a39;[];mie ayam pak kumis juara sih
1006;1709;11-50;546510.0;text;;[];False;False;7cd05039751c8a39;[];warteg depan kampus enak
1007;1709;11-50;546512.0;text;;[];False;False;fa349f0a7e6afa78;[];proposal skripsi gw ditolak!!
1008;1709;11-50;546521.0;text;;[];True;False;6269a7046147856a;['669b603e2fede363'];ada yang punya catetan?
1009;1709;11-50;546522.0;text;;[];False;False;7cd05039751c8a39;[];lu udah makan blm
1010;1709;11-50;546529.0;text;;[];False;False;6269a7046147856a;['517d3fe8a4bacd58'];sidang minggu depann doain ya
1011;1709;0;546545.0;video/mp4;;[];False;False;5c4174a89aef5c58;[];[Video]
1012;1709;51-100;546546.0;text;;[];False;False;6269a7046147856a;['517d3fe8a4bacd58'];jangannnn lupaaaa besok kumpul di lobbyyyy kampuss jam 8 pagi buatttt berangkat bareng
1013;1709;1-10;546566.0;text;1011.0;['🤣'];False;False;6269a7046147856a;[];sabiii
1014;1709;1-10;546581.0;text;;[];False;False;669b603e2fede363;[];sabi
1015;1709;11-50;546584.0;text;;[];False;False;669b603e2fede363;[];gw baur aja dr kampus
1016;1709;11-50;546617.0;text;;[];False;False;6269a7046147856a;[];wartegg depannnn kampusss enak
1017;1709;1-10;546620.0;text;;[];False;False;6269a7046147856a;[];bole
1018;1709;11-50;546621.0;text;;[];False;False;6269a7046147856a;[];sidang mingguuu depann doain ya
1019;1709;1-10;546630.0;text;;['🤣'];False;False;6269a7046147856a;[];gajeee
1020;1709;11-50;546635.0;text;;[];False;False;78bb5ecc66ccb40f;['6269a7046147856a'];kelass tambahannn hariii sabtuu sih
1021;1709;51-100;546644.0;text;;[];False;False;78bb5ecc66ccb40f;[];kemarin gw ke tokoooo buku beliii novel baru samaa bukuuu referensi buatt skripsi
1022;1709;11-50;546651.0;text;;[];False;False;78bb5ecc66ccb40f;[];gw mau ambil cutiiii semester
1023;1709;11-50;546653.0;text;;[];False;False;6269a7046147856a;['875a798b5fe6ce5e'];dosen pembimbing susah ditemui
1024;1709;11-50;546656.0;text;;[];False;False;78bb5ecc66ccb40f;[];dosen pembimbing susah ditemui
1025;1709;11-50;546667.0;text;;[];False;False;78bb5ecc66ccb40f;[];warteg depan kampus enak
1026;1709;11-50;546670.0;text;;[];False;False;78bb5ecc66ccb40f;[];tugas kelompok bikinnnn pusing
1027;1709;11-50;546685.0;text;1026.0;[];True;False;6269a7046147856a;[];bolehhhh gw ikutttt ga?
1028;1709;11-50;546689.0;text;;[];False;False;6269a7046147856a;[];mie ayammm pak kumis juara sih
1029;1709;1-10;546693.0;text;;[];False;False;6269a7046147856a;[];tuhhh
1030;1709;1-10;546696.0;text;;[];False;False;5c4174a89aef5c58;[];GPP
1031;1709;51-100;546724.0;text;;[];False;False;78bb5ecc66ccb40f;[];jangan lupa besokkkk kumpullll di lobby kampus jam 8 pagiii buat berangkat bareng
1032;1709;11-50;546724.0;text;;[];False;False;5c4174a89aef5c58;[];GW LAPER BANGET NIH
1033;1709;11-50;546740.0;text;;['🤣'];False;False;6269a7046147856a;[];mie ayamm pakk kumis juara sihhhh
1034;1709;0;546740.0;sticker/webp;;[];False;False;5c4174a89aef5c58;[];[Stiker]
1035;1709;11-50;546746.0;text;;[];False;False;78bb5ecc66ccb40f;[];sidang mingguu depann doain ya
1036;1709;51-100;546747.0;text;;[];False;False;78bb5ecc66ccb40f;[];kemarinnn gw ke tokoooo bukuuuu belii novellll baru samaaaa buku referensiii buat skripsiii
1037;1709;51-100;546759.0;text;;[];False;False;78bb5ecc66ccb40f;[];kemarinnn gw ke toko bukuuu beli novelll baruuu sama buku referensi buat skripsi
1038;1709;51-100;546764.0;text;;[];False;False;6269a7046147856a;[];gw lagi mikirin mau ambillll magang di perusahaan mana buattt semester depan
1039;1709;11-50;546772.0;text;;[];False;False;6269a7046147856a;[];seminarrr tadiii lama banget
1040;1709;1-10;546776.0;text;;[];False;False;78bb5ecc66ccb40f;[];done
1041;1709;11-50;546777.0;text;;[];True;False;78bb5ecc66ccb40f;[];bolehh gw ikut ga?
1042;1709;11-50;546785.0;text;;[];True;False;78bb5ecc66ccb40f;[];ntarr malem ngapain?
1043;1709;1-10;546785.0;text;;['😏'];False;False;78bb5ecc66ccb40f;[];sabi
1044;1709;11-50;546791.0;text;;[];True;False;78bb5ecc66ccb40f;[];ntarrr malem ngapain?
1045;1709;11-50;546800.0;text;;['😏'];False;False;6269a7046147856a;[];warteg depan kampuss enakk
1046;1709;1-10;546817.0;text;;[];False;False;5c4174a89aef5c58;[];GAJE
1047;1709;1-10;546831.0;text;;[];False;False;5c4174a89aef5c58;[];BET
1048;1709;11-50;546834.0;text;;[];False;False;fa349f0a7e6afa78;[];sidang minggu depan doain ya!!
1049;1709;11-50;546840.0;text;;[];False;False;5c4174a89aef5c58;[];GW MAU AMBIL CUTI SEMESTER
1050;1709;51-100;546842.0;text;;[];False;False;fa349f0a7e6afa78;[];kosan gw bocor lagi pas hujan semalam, kasur gw basah semua parah banget!!!
1051;1709;11-50;546882.0;text;1049.0;[];False;True;6269a7046147856a;[];keren abis presentasinya!
1052;1709;1-10;546882.0;text;;[];False;False;6269a7046147856a;[];gpp
1053;1709;11-50;546898.0;text;;[];False;True;6269a7046147856a;[];parahhh sih tadi kejadiannya!
1054;1709;11-50;546905.0;text;;[];False;False;6269a7046147856a;[];kelas tambahan hariii sabtu sih
1055;1709;0;546928.0;sticker/webp;;[];False;False;5c4174a89aef5c58;[];[Stiker]
1056;1709;11-50;547400.0;text;1053.0;['😂', '😘'];False;False;fa349f0a7e6afa78;[];dosen pembimbing susah ditemui!!!
1057;1709;11-50;547540.0;text;;['🥰'];False;True;6269a7046147856a;[];parah sih tadiii kejadiannya!
1058;1709;0;547729.0;image/jpeg;;[];False;False;7cd05039751c8a39;[];[Foto]
1059;1709;1-10;547789.0;text;;[];False;False;5c4174a89aef5c58;[];DONE
1060;1709;1-10;547811.0;text;;[];False;False;78bb5ecc66ccb40f;[];tuhhh
1061;1709;0;547945.0;image/jpeg;;[];False;False;517d3fe8a4bacd58;[];[Foto]
1062;1709;11-50;547959.0;text;;[];True;False;517d3fe8a4bacd58;[];gimana kabar lu sekarang?
1063;1709;11-50;547967.0;text;;[];False;False;5c4174a89aef5c58;[];GW BARU AJA DARI KAMPUS
1064;1709;0;547970.0;sticker/webp;1061.0;[];False;False;5c4174a89aef5c58;[];[Stiker]
1065;1709;1-10;547979.0;text;;[];False;False;5c4174a89aef5c58;[];NIH
1066;1709;11-50;547988.0;text;;[];False;False;517d3fe8a4bacd58;[];kelas tambahan hari sabtu sih
1067;1709;11-50;547996.0;text;;[];False;False;517d3fe8a4bacd58;[];kelas tambahan hari sabtu sih
1068;1709;11-50;548009.0;text;;[];False;False;5c4174a89aef5c58;[];GW MAU AMBIL CUTI SEMESTER
1069;1709;11-50;548018.0;text;;[];False;False;5c4174a89aef5c58;[];LU UDAH MAKAN BELUM
1070;1709;11-50;548050.0;text;;[];False;False;fa349f0a7e6afa78;[];gw laper banget nih!!!
1071;1709;1-10;548176.0;text;;[];False;False;5c4174a89aef5c58;[];GPP
1072;1709;11-50;548209.0;text;;[];False;False;fa349f0a7e6afa78;[];gw baru aja dari kampus!!!
1073;1709;1-10;548214.0;text;;[];False;False;fa349f0a7e6afa78;[];nih!!!
1074;1709;1-10;548230.0;text;;['❤'];False;False;6269a7046147856a;[];gpp
1075;1709;11-50;548255.0;text;;[];False;False;5c4174a89aef5c58;[];DOSEN PEMBIMBING SUSAH DITEMUI
1076;1709;11-50;548260.0;text;;[];False;False;5c4174a89aef5c58;[];MIE AYAM PAK KUMIS JUARA SIH
1077;1709;11-50;548321.0;text;;[];False;False;fa349f0a7e6afa78;[];dosen pembimbing susah ditemui!!
1078;1709;1-10;548328.0;text;;[];False;False;5c4174a89aef5c58;[];ASLI
1079;1709;1-10;548336.0;text;;[];False;False;5c4174a89aef5c58;[];HMM
1080;1709;1-10;548338.0;text;;[];False;False;5c4174a89aef5c58;[];SABI
1081;1709;11-50;548363.0;text;1080.0;[];False;False;fa349f0a7e6afa78;[];seminar tadi lama banget!!
1082;1709;51-100;548379.0;text;;[];False;False;fa349f0a7e6afa78;[];kosan gw bocor lagi pas hujan semalam, kasur gw basah semua parah banget!!
1083;1709;11-50;549544.0;text;;[];False;False;5c4174a89aef5c58;[];LU UDAH MAKAN BELUM
1084;1709;11-50;549554.0;text;;[];False;False;5c4174a89aef5c58;[];PROPOSAL SKRIPSI GW DITOLAK
1085;1709;11-50;550773.0;text;;[];True;False;904f898e44eb019b;[];gimana kabar lu sekarang?
1086;1709;1-10;550883.0;text;;['😏'];False;False;78bb5ecc66ccb40f;[];hmm
1087;1709;11-50;550884.0;text;;[];False;False;78bb5ecc66ccb40f;[];gw baruuuu aja dari kampus
1088;1709;0;550906.0;video/mp4;;[];False;False;5c4174a89aef5c58;[];[Video]
1089;1709;11-50;550935.0;text;;[];False;False;904f898e44eb019b;[];lu udah makan belum
1090;1709;0;550947.0;sticker/webp;;[];False;False;904f898e44eb019b;[];[Stiker]
1091;1709;0;550947.0;sticker/webp;;[];False;False;904f898e44eb019b;[];[Stiker]
1092;1709;0;550953.0;sticker/webp;;[];False;False;78bb5ecc66ccb40f;[];[Stiker]
1093;1709;0;550957.0;sticker/webp;;[];False;False;78bb5ecc66ccb40f;[];[Stiker]
1094;1709;0;550958.0;sticker/webp;;[];False;False;5c4174a89aef5c58;[];[Stiker]
1095;1709;0;551045.0;sticker/webp;;[];False;False;5c4174a89aef5c58;[];[Stiker]
1096;1709;11-50;551325.0;text;;[];False;False;7cd05039751c8a39;[];dosen pembimbing susah ditemui
1097;1709;0;551382.0;sticker/webp;;[];False;False;904f898e44eb019b;[];[Stiker]
1098;1709;0;551383.0;sticker/webp;;[];False;False;904f898e44eb019b;[];[Stiker]
1099;1709;51-100;551397.0;text;1096.0;[];False;False;78bb5ecc66ccb40f;[];kosann gw bocor lagi pas hujan semalam, kasurr gw basahhh semuaa parah banget
1100;1709;11-50;551558.0;text;;[];False;False;904f898e44eb019b;[];kelas tambahan hari... sabtu sih
1101;1709;1-10;551672.0;text;;[];False;False;517d3fe8a4bacd58;[];bet
1102;1709;0;551704.0;sticker/webp;;[];False;False;904f898e44eb019b;[];[Stiker]
1103;1709;0;551705.0;sticker/webp;;[];False;False;904f898e44eb019b;[];[Stiker]
1104;1709;101-500;552340.0;text;;['🤔', '🔴', '👉🏻', '👈🏻'];True;False;78bb5ecc66ccb40f;[];menurut kalian kenapa ya generasi kita tuhh kayaknya lebih gampang stres dannnn burnout dibanding generasii oranggg tua kitaaaa dulu? apa karena tekanan sosmed atau emang tuntutan hidup yang makin tinggi ya? gw penasaran ajaaa sihhhh soalnyaaa temen temennn gw banyak yang ngeluh hal yangg sama
1105;1709;11-50;552344.0;text;;[];False;False;78bb5ecc66ccb40f;[];gw baru ajaa dari kampus
1106;1709;11-50;552351.0;text;;[];False;False;78bb5ecc66ccb40f;[];lu udah makan belumm
1107;1709;1-10;552369.0;text;;[];False;False;5c4174a89aef5c58;[];SABI
1108;1709;1-10;552379.0;text;;[];False;False;5c4174a89aef5c58;[];HMM
1109;1709;1-10;552379.0;text;;[];False;False;5c4174a89aef5c58;[];BET
1110;1709;11-50;552387.0;text;;[];False;False;5c4174a89aef5c58;[];GW MAU AMBIL CUTI SEMESTER
1111;1710;1-10;556315.0;text;;['🙄'];False;False;6269a7046147856a;[];bro
1112;1710;0;557471.0;sticker/webp;;[];False;False;904f898e44eb019b;[];[Stiker]
1113;1710;0;558025.0;sticker/webp;;[];False;False;78bb5ecc66ccb40f;[];[Stiker]
1114;1710;0;558031.0;sticker/webp;;[];False;False;78bb5ecc66ccb40f;[];[Stiker]
1115;1710;11-50;558084.0;text;;['🤣'];False;False;6269a7046147856a;[];tadiiii gw makan nasi padang
1116;1710;1-10;558087.0;text;;['🥺'];False;False;669b603e2fede363;[];bro
1117;1710;0;558100.0;sticker/webp;;[];False;False;78bb5ecc66ccb40f;[];[Stiker]
1118;1710;0;558114.0;sticker/webp;;[];False;False;78bb5ecc66ccb40f;[];[Stiker]
1119;1711;11-50;597514.0;text;;[];False;False;669b603e2fede363;[];tugas kelomopk bikin pusing
1120;1711;11-50;597711.0;text;;[];True;False;758552ae48a9c576;['875a798b5fe6ce5e'];gimana kabar lu sekarang?
1121;1711;1-10;597775.0;text;;[];False;False;758552ae48a9c576;[];Gpp.
1122;1711;11-50;597792.0;text;;[];False;False;758552ae48a9c576;[];Lu udah makan belum.
1123;1711;0;597793.0;sticker/webp;;[];False;False;5c4174a89aef5c58;[];[Stiker]
1124;1711;11-50;597962.0;text;;[];False;False;7cd05039751c8a39;[];gw baru aja dr kampus
1125;1711;11-50;599006.0;text;;['🤣'];False;False;6269a7046147856a;[];seminarrrr tadi lama banget
1126;1711;51-100;599033.0;text;;[];False;False;15357a396c545b41;[];gw lagi mikirin,,, mau,,, ambil magang,,, di perusahaan mana buat,,, semester depan,,,
1127;1711;1-10;599039.0;text;;[];False;False;6269a7046147856a;[];bettt
1128;1711;11-50;599069.0;text;;[];False;False;78bb5ecc66ccb40f;[];gw mauuuu ambilll cuti semester
1129;1711;1-10;599079.0;text;;[];False;False;15357a396c545b41;[];bole
1130;1712;11-50;600855.0;text;;[];True;False;517d3fe8a4bacd58;[];masih buka ga warungnya?
1131;1712;11-50;600856.0;text;;[];True;False;517d3fe8a4bacd58;[];mau nitip apa ga?
1132;1712;11-50;600956.0;text;;[];False;False;517d3fe8a4bacd58;[];hp gw lowbat nih
1133;1712;11-50;600966.0;text;;[];False;False;517d3fe8a4bacd58;[];capek banget hari ini asli
1134;1712;11-50;601017.0;text;;[];False;False;6cb7fd8d86a729e1;[];capek banget hari ini asli
1135;1712;11-50;601027.0;text;;[];False;False;6cb7fd8d86a729e1;[];gw mau tidur dulu ya
1136;1712;11-50;601164.0;text;;[];False;False;78bb5ecc66ccb40f;[];lu tim mana dukungnyaaaa
1137;1712;11-50;601354.0;text;;[];False;False;6cb7fd8d86a729e1;[];ntar gw kabarin lagi deh
1138;1712;11-50;601365.0;text;;[];False;False;78bb5ecc66ccb40f;[];baruu bangun nih masihh ngantuk
1139;1712;11-50;601449.0;text;;[];False;False;6cb7fd8d86a729e1;[];lu tim mana dukungnya
1140;1712;0;601454.0;sticker/webp;;[];False;False;6cb7fd8d86a729e1;[];[Stiker]
1141;1712;1-10;601458.0;text;;[];False;False;904f898e44eb019b;[];eh
1142;1712;11-50;601468.0;text;;[];False;False;904f898e44eb019b;[];wifi kampus lemot parah
1143;1712;11-50;601488.0;text;;['🧐'];False;False;6cb7fd8d86a729e1;[];wifi kampus lemot parah
1144;1712;11-50;601519.0;text;;[];False;False;904f898e44eb019b;[];charger hp gw... rusak lagi...
1145;1712;11-50;601528.0;text;;[];False;False;904f898e44eb019b;[];wifi kampus lemot parah
1146;1712;11-50;601535.0;text;;[];False;False;6cb7fd8d86a729e1;[];gw baru ganti nomor btw
1147;1712;11-50;601536.0;text;;[];False;False;6cb7fd8d86a729e1;[];hp gw lowbat nih
1148;1712;0;601536.0;sticker/webp;;[];False;False;904f898e44eb019b;[];[Stiker]
1149;1712;0;601539.0;sticker/webp;;[];False;False;904f898e44eb019b;[];[Stiker]
1150;1712;11-50;601543.0;text;;[];False;False;6cb7fd8d86a729e1;[];gw lagi di atm sebentar
1151;1712;0;601544.0;sticker/webp;;[];False;False;904f898e44eb019b;[];[Stiker]
1152;1712;11-50;601554.0;text;;[];True;False;6cb7fd8d86a729e1;[];gw harus bawa apa aja?
1153;1712;11-50;601557.0;text;;[];False;False;6cb7fd8d86a729e1;[];lu tim mana dukungnya
1154;1712;11-50;601562.0;text;;[];False;False;904f898e44eb019b;[];hujan deres ga bawa payung
1155;1712;11-50;601570.0;text;;[];False;False;904f898e44eb019b;[];lu tim mana dukungnya
1156;1712;11-50;601573.0;text;;[];True;False;6cb7fd8d86a729e1;[];gw harus bawa apa aja?
1157;1712;11-50;601592.0;text;;[];False;False;904f898e44eb019b;[];wifi kampus lemot... parah...
1158;1712;11-50;601602.0;text;;[];False;False;6cb7fd8d86a729e1;[];charger hp gw rusak lagi
1159;1712;11-50;601605.0;text;;[];False;False;904f898e44eb019b;[];internet mati lagi di kosan
1160;1712;11-50;601607.0;text;;[];False;False;904f898e44eb019b;[];hp gw lowbat nih...
1161;1712;11-50;601613.0;text;;[];False;False;6cb7fd8d86a729e1;[];gw baru ganti nomor btw
1162;1712;1-10;601622.0;text;;['😂'];False;False;904f898e44eb019b;[];gassss
1163;1712;51-100;601632.0;text;;['😉'];False;False;6cb7fd8d86a729e1;[];laptop gw mulai lemot nih kayaknya harus install ulang atau ganti ram
1164;1712;1-10;601654.0;text;;[];False;False;904f898e44eb019b;[];yess
1165;1712;11-50;601660.0;text;;[];False;False;904f898e44eb019b;[];gw lg sibuk bgt minggu ini
1166;1712;0;601671.0;sticker/webp;;[];False;False;904f898e44eb019b;[];[Stiker]
1167;1712;0;601674.0;sticker/webp;;[];False;False;904f898e44eb019b;[];[Stiker]
1168;1712;1-10;601678.0;text;;[];True;False;904f898e44eb019b;[];yg mn?
1169;1712;11-50;601678.0;text;;[];True;False;6cb7fd8d86a729e1;[];bisa jemput gw ga?
1170;1712;11-50;601685.0;text;;[];False;False;6cb7fd8d86a729e1;[];gw lg sibuk bgt minggu ini
1171;1712;11-50;601686.0;text;;[];False;False;6cb7fd8d86a729e1;[];wifi kampus lemot parah
1172;1712;11-50;601692.0;text;;[];True;False;904f898e44eb019b;[];besok libur bukan... sih?
1173;1712;11-50;601697.0;text;;[];False;False;904f898e44eb019b;[];internet mati lagi di kosan
1174;1712;11-50;601698.0;text;;[];False;False;904f898e44eb019b;[];gw lagi di... atm sebentar
1175;1712;11-50;601716.0;text;;[];False;False;904f898e44eb019b;[];baru bangun nih masih ngantuk...
1176;1712;11-50;601719.0;text;;[];False;False;904f898e44eb019b;[];ntar gw kabarin lagi deh
1177;1712;0;601720.0;image/jpeg;;[];False;False;6cb7fd8d86a729e1;[];[Foto]
1178;1712;11-50;601745.0;text;;[];False;False;6cb7fd8d86a729e1;[];bentar ya gw lg di jalan
1179;1712;11-50;601749.0;text;;[];False;False;904f898e44eb019b;[];baru bangun nih masih... ngantuk...
1180;1712;11-50;601764.0;text;;[];False;False;6cb7fd8d86a729e1;[];baru bangun nih masih ngantuk
1181;1712;11-50;601768.0;text;;[];False;False;904f898e44eb019b;[];gw mau tidur dulu ya
1182;1712;11-50;601777.0;text;;[];False;False;6cb7fd8d86a729e1;[];ntar gw kabarin lagi deh
1183;1712;11-50;601784.0;text;;[];False;False;6cb7fd8d86a729e1;[];wifi kampus lemot parah
1184;1712;11-50;601787.0;text;;[];False;False;904f898e44eb019b;[];capek banget hari ini asli
1185;1712;11-50;601790.0;text;;[];False;False;904f898e44eb019b;[];charger hp gw rusak lagi
1186;1712;11-50;601790.0;text;;[];False;False;6cb7fd8d86a729e1;[];ntar gw kabarin lagi deh
1187;1712;1-10;601794.0;text;;[];False;False;904f898e44eb019b;[];iyaa
1188;1712;11-50;601810.0;text;;['🧐'];False;False;6cb7fd8d86a729e1;[];charger hp gw rusak lagi
1189;1712;11-50;601811.0;text;;[];False;False;904f898e44eb019b;[];hujan deres ga... bawa payung
1190;1712;11-50;601830.0;text;;[];False;False;6cb7fd8d86a729e1;[];gw lg sibuk bgt minggu ini
1191;1712;11-50;601846.0;text;;[];False;False;6cb7fd8d86a729e1;[];charger hp gw rusak lagi
1192;1712;11-50;601847.0;text;;[];False;False;904f898e44eb019b;[];charger hp gw... rusak lagi
1193;1712;0;601855.0;sticker/webp;;[];False;False;904f898e44eb019b;[];[Stiker]
1194;1712;11-50;601863.0;text;;[];False;False;904f898e44eb019b;[];gw mau tidur dulu ya
1195;1712;11-50;601871.0;text;;[];False;False;6cb7fd8d86a729e1;[];lu tim mana dukungnya
1196;1712;11-50;601915.0;text;;[];False;False;6269a7046147856a;[];hujan deres ga bawaaa payungggg
1197;1712;11-50;601992.0;text;;[];True;False;6cb7fd8d86a729e1;[];gw harus bawa apa aja?
1198;1712;0;602010.0;sticker/webp;;[];False;False;904f898e44eb019b;[];[Stiker]
1199;1712;11-50;602023.0;text;;['😌'];False;False;6cb7fd8d86a729e1;[];hp gw lowbat nih
1200;1712;0;602094.0;sticker/webp;;[];False;False;904f898e44eb019b;[];[Stiker]
1201;1712;1-10;602128.0;text;;[];False;False;7cd05039751c8a39;[];siapp
1202;1712;0;602302.0;sticker/webp;;[];False;False;5c4174a89aef5c58;[];[Stiker]
1203;1712;0;602307.0;sticker/webp;;[];False;False;5c4174a89aef5c58;[];[Stiker]
1204;1712;0;602517.0;sticker/webp;;[];False;False;6cb7fd8d86a729e1;[];[Stiker]
1205;1712;0;602565.0;sticker/webp;;[];False;False;5c4174a89aef5c58;[];[Stiker]
1206;1712;0;602576.0;sticker/webp;;[];False;False;5c4174a89aef5c58;[];[Stiker]
1207;1712;0;602674.0;sticker/webp;;[];False;False;78bb5ecc66ccb40f;[];[Stiker]
1208;1712;1-10;603094.0;text;;[];False;False;7cd05039751c8a39;[];siapp
1209;1712;11-50;603725.0;text;;[];False;False;517d3fe8a4bacd58;[];baru bangun nih masih ngantuk
1210;1712;1-10;603736.0;text;;[];False;False;517d3fe8a4bacd58;[];yess
1211;1712;1-10;603736.0;text;;[];False;False;517d3fe8a4bacd58;[];ah
1212;1712;51-100;603893.0;text;;[];False;False;6269a7046147856a;[];tadii gw antri di administrasii kampus 2 jam cuma buat nguruss surat
1213;1712;500+;603902.0;text;;[];False;False;6269a7046147856a;[];gw lg sibukkkk bgt minggu inii
1214;1712;11-50;603955.0;text;;[];False;False;6269a7046147856a;[];hujannn deres ga bawaaaa payung
1215;1712;51-100;604027.0;text;;[];False;False;517d3fe8a4bacd58;[];tadi gw antri di administrasi kampus 2 jam cuma buat ngurus surat
1216;1712;11-50;604041.0;text;;[];True;False;517d3fe8a4bacd58;[];masih buka ga warungnya?
1217;1712;11-50;604054.0;text;;[];True;False;517d3fe8a4bacd58;[];gw harus bawa apa aja?
1218;1712;101-500;604055.0;text;;[];False;False;6269a7046147856a;['758552ae48a9c576', '15357a396c545b41', '78bb5ecc66ccb40f', 'bd6a8d8230a32725', '5c4174a89aef5c58', '6cb7fd8d86a729e1', 'fa349f0a7e6afa78', '9678f75a4fb4c347', '7cd05039751c8a39', '904f898e44eb019b'];gw lagi belajar coding otodidak dari youtube buat nambah skill. mulaiii dari htmlll css dulu baruu pelann pelan ke javascript. lumayan susah sih awalnyaaa tapi lamaaaa lama mulaiiii paham juga. siapa tauuu nanti bisa bikin portfoliooo sendiri dannnn dapet kerjaan freelance buatt nambahhh uang jajan selama kuliahhhh
1219;1712;11-50;604070.0;text;;[];False;False;517d3fe8a4bacd58;[];gw mau tidur dulu ya
1220;1712;11-50;604071.0;text;;[];False;False;6269a7046147856a;['875a798b5fe6ce5e'];gw baruuu ganti nomor btww
1221;1712;11-50;604493.0;text;;['🤣'];False;False;6269a7046147856a;[];capek bangettt hari ini asli
1222;1712;11-50;604827.0;text;;[];True;False;9678f75a4fb4c347;[];bisa jemput gw ga?
1223;1712;1-10;604833.0;text;;[];False;False;9678f75a4fb4c347;[];okey
1224;1712;11-50;604995.0;text;;[];False;False;758552ae48a9c576;[];Baru bangun nih masih ngantuk.
1225;1712;1-10;605014.0;text;;['😍'];False;False;6cb7fd8d86a729e1;[];siapp
1226;1712;51-100;605093.0;text;;[];False;False;7cd05039751c8a39;[];laptop gw mulai lemot nih kayaknya hrs install ulang atau ganti ram
1227;1712;51-100;605334.0;text;;[];False;False;758552ae48a9c576;[];Laptop gw mulai lemot nih kayaknya harus install ulang atau ganti RAM.
1228;1712;101-500;605536.0;text;;[];False;False;904f898e44eb019b;[];gw baru selesai... nonton dokumenter... tentang kehidupan nelayan di... pesisir utara Jawa. sedih banget liat... perjuangan mereka yang harus melaut berhari hari cuma buat dapet... ikan yang... harganya ga seberapa di pasar.... bikin gw makin bersyukur sih sama kehidupan gw sekarang walau kadang ngeluh... juga
1229;1712;101-500;605625.0;text;;[];False;False;78bb5ecc66ccb40f;[];rencanaa liburannn semester ini gw mau road trip sama temennnn temen ke jogja. kita udahh patungan buat sewa mobil dan bookingg penginapannnn murahh di daerah malioboro. itinerary nyaaa udah gw bikin detaillll dariiii hari pertama sampeee hari ketiga. tinggallll eksekusi aja nih semoga cuaca mendukung dan ga ada halangan
1230;1712;1-10;605697.0;text;;[];False;False;6cb7fd8d86a729e1;[];yoii
1231;1712;101-500;605698.0;text;;[];False;False;6cb7fd8d86a729e1;[];kemarin gw ikut kegiatan bakti sosial yang diadain sama bem fakultas. kita ke panti asuhan di pinggiran kota buat ngajar anak anak dan bagi bagi sembako. seru banget sih dan bikin hati adem. anak anaknya lucu lucu dan semangat banget belajar walau fasilitas mereka terbatas. jadi pengen rutin kesana
1232;1712;11-50;605704.0;text;;['😂'];False;False;78bb5ecc66ccb40f;[];lu timm mana dukungnya
1233;1712;11-50;605708.0;text;;[];False;False;6cb7fd8d86a729e1;[];capek banget hari ini asli
1234;1712;1-10;605718.0;text;;[];False;False;6cb7fd8d86a729e1;[];seep
1235;1712;1-10;605718.0;text;;[];False;False;15357a396c545b41;[];okey
1236;1712;11-50;605728.0;text;;['😂'];False;False;9678f75a4fb4c347;[];gw mau tidur dulu ya
1237;1712;11-50;605731.0;text;;[];False;False;15357a396c545b41;[];ntar gw kabarin lagi,,, deh
1238;1712;11-50;605731.0;text;;[];False;False;6cb7fd8d86a729e1;[];capek banget hari ini asli
1239;1712;0;605753.0;sticker/webp;;[];False;False;78bb5ecc66ccb40f;[];[Stiker]
1240;1712;101-500;605763.0;text;;[];False;False;15357a396c545b41;[];minggu lalu gw akhirnya,,, beraniin diri,,, buat ngomong,,, sama dosen pembimbing soal progress skripsi,,, yang mandek.,,, ternyata beliau pengertian banget dan kasih banyak masukan yang berguna.,,, gw nyesel ga ngomong,,, dari awal,,, soalnya,,, selama,,, ini gw cuma takut ditolak atau dimarahin padahal dosennya baik banget
1241;1712;51-100;605793.0;text;;[];False;False;fa349f0a7e6afa78;[];duit jajan gw abis padahal baru tanggal 15 harus ngirit banget nih!!
1242;1712;51-100;605805.0;text;;[];False;False;15357a396c545b41;[];laptop gw mulai lemot,,, nih kayaknya,,, harus install ulang atau ganti ram,,,
1243;1712;11-50;605815.0;text;;[];False;False;15357a396c545b41;[];wifi kampus lemot parah
1244;1712;11-50;605825.0;text;;[];False;False;78bb5ecc66ccb40f;[];gw lagi di atmm sebentar
1245;1712;0;605836.0;video/mp4;;[];False;False;5c4174a89aef5c58;[];[Video]
1246;1712;0;605842.0;video/mp4;;[];False;False;5c4174a89aef5c58;[];[Video]
1247;1712;0;605871.0;sticker/webp;;[];False;False;78bb5ecc66ccb40f;[];[Stiker]
1248;1712;101-500;605941.0;text;;[];False;False;669b603e2fede363;[];gw baru selesai nonton dokumenter tentagn kehidupan nelayan di pesisir utara jawa. sedih bgt liat perjuangan mrk yg hrs melaut berhari hari cuma buat dapet ikan yg harganya ga seberapa di pasar. bikin gw maikn bersyukur sih sm kehidupan gw skrg walau kdaang ngeluh jg
1249;1712;11-50;605945.0;text;;[];False;False;669b603e2fede363;[];gw lg sibuk bgt minggu ni
1250;1712;11-50;605954.0;text;;[];False;False;904f898e44eb019b;[];lu tim mana dukungnya
1251;1712;11-50;605964.0;text;;[];False;False;9678f75a4fb4c347;[];gw mau tidur dulu ya
1252;1712;11-50;605968.0;text;;[];False;False;9678f75a4fb4c347;[];hp gw lowbat nih
1253;1712;11-50;605974.0;text;;[];False;False;904f898e44eb019b;[];baru bangun nih masih ngantuk
1254;1712;11-50;605977.0;text;;[];False;False;9678f75a4fb4c347;[];capek banget hari ini asli
1255;1712;1-10;605978.0;text;;[];False;False;15357a396c545b41;[];eh
1256;1712;1-10;605982.0;text;;['😂'];False;False;9678f75a4fb4c347;[];okey
1257;1712;11-50;605985.0;text;;[];False;False;9678f75a4fb4c347;[];baru bangun nih masih ngantuk
1258;1712;11-50;605993.0;text;;[];False;False;9678f75a4fb4c347;[];gw mau tidur dulu ya
1259;1712;11-50;605994.0;text;;['😘'];False;False;15357a396c545b41;[];dompet gw ketinggalan,,, di rumah
1260;1712;0;606009.0;sticker/webp;;[];False;False;9678f75a4fb4c347;[];[Stiker]
1261;1712;11-50;606009.0;text;;[];False;False;9678f75a4fb4c347;[];internet mati lagi di kosan
1262;1712;11-50;606037.0;text;;[];True;False;78bb5ecc66ccb40f;[];bisa jemput gw ga?
1263;1712;1-10;606105.0;text;;[];False;False;15357a396c545b41;[];iyaa
1264;1712;101-500;606114.0;text;;[];False;False;7cd05039751c8a39;[];rencana liburan semester ni gw mau road trip sm temen temen ke jogja. kita udah patungan buat sewa mobil dan booking penginapan murah di daerah malioboro. itinerary nya udah gw bikin detail dr hari pertama sampe hari ketiga. tinggal eksekusi aja nih semoga cuaca mendukung dan ga ad halangan
1265;1712;11-50;606133.0;text;;[];False;False;904f898e44eb019b;[];wifi kampus lemot parah
1266;1712;11-50;606186.0;text;;[];False;False;15357a396c545b41;[];internet mati lagi,,, di kosan
1267;1712;11-50;606194.0;text;;[];False;False;15357a396c545b41;[];bentar ya,,, gw lg di jalan
1268;1712;11-50;606205.0;text;;[];False;False;15357a396c545b41;[];dompet gw,,, ketinggalan,,, di,,, rumah
1269;1712;11-50;606208.0;text;;[];False;False;15357a396c545b41;[];internet mati lagi di,,, kosan
1270;1712;11-50;606262.0;text;;[];False;False;904f898e44eb019b;[];gw mau tidur dulu ya
1271;1712;11-50;606263.0;text;;['🙄'];False;False;6cb7fd8d86a729e1;[];gw baru ganti nomor btw
1272;1712;0;606268.0;sticker/webp;;[];False;False;904f898e44eb019b;[];[Stiker]
1273;1712;0;606277.0;sticker/webp;;[];False;False;904f898e44eb019b;[];[Stiker]
1274;1712;0;606461.0;sticker/webp;;[];False;False;78bb5ecc66ccb40f;[];[Stiker]
1275;1712;0;606623.0;sticker/webp;;[];False;False;904f898e44eb019b;[];[Stiker]
1276;1713;51-100;608848.0;text;;[];False;False;bd6a8d8230a32725;[];adek gw mau masuk kuliah tahun depan gw hrs bantu cariin info... jurusan
1277;1713;11-50;608875.0;text;;[];True;False;517d3fe8a4bacd58;[];kenapa ga bales chat gw?
1278;1713;1-10;608877.0;text;;['😂'];False;False;517d3fe8a4bacd58;[];mager
1279;1713;1-10;608882.0;text;;['😂'];False;False;bd6a8d8230a32725;[];pasti
1280;1713;11-50;608884.0;text;;[];False;False;669b603e2fede363;[];adek gw masuk sma tahnu ni
1281;1713;11-50;608891.0;text;;[];False;False;669b603e2fede363;[];film baru di bioskop bagus ga
1282;1713;0;608893.0;sticker/webp;;[];False;False;5c4174a89aef5c58;[];[Stiker]
1283;1713;11-50;608896.0;text;;[];False;False;669b603e2fede363;[];keluarga nugmpul lebaran ntr
1284;1713;1-10;608896.0;text;;['🤣'];False;False;669b603e2fede363;[];noted
1285;1713;11-50;608914.0;text;;['😂'];False;False;6cb7fd8d86a729e1;[];bokap gw lagi di luar kota
1286;1713;0;608953.0;sticker/webp;;[];False;False;5c4174a89aef5c58;[];[Stiker]
1287;1713;0;609532.0;sticker/webp;;[];False;False;904f898e44eb019b;[];[Stiker]
1288;1713;0;610138.0;sticker/webp;;[];False;False;78bb5ecc66ccb40f;[];[Stiker]
1289;1714;1-10;613058.0;text;;[];False;False;5c4174a89aef5c58;[];NAH
1290;1714;11-50;613060.0;text;;[];False;False;5c4174a89aef5c58;[];DOSEN PEMBIMBING SUSAH DITEMUI
1291;1714;51-100;613844.0;text;;[];False;False;7cd05039751c8a39;[];jangan lupa besok kumpul di lobby kampus jam 8 pagi buat berangkat bareng
1292;1714;11-50;613846.0;text;;[];False;False;7cd05039751c8a39;[];kelas tambahan hari sabtu sih
1293;1714;11-50;613857.0;text;;[];False;False;7cd05039751c8a39;[];seminar tadi lama bgt
1294;1714;11-50;613909.0;text;1293.0;[];False;False;9678f75a4fb4c347;[];gw mau ambil cuti semester
1295;1714;11-50;614039.0;text;;[];False;False;7cd05039751c8a39;[];proposal skripsi gw ditolak
1296;1714;11-50;614039.0;text;;[];False;False;7cd05039751c8a39;[];lu udah makan blm
1297;1714;1-10;614048.0;text;;[];False;False;7cd05039751c8a39;[];bet
1298;1714;11-50;614048.0;text;;[];False;False;7cd05039751c8a39;[];seminar tadi lama bgt
1299;1714;1-10;614052.0;text;;[];False;False;7cd05039751c8a39;[];gpp
1300;1714;11-50;614099.0;text;;[];False;False;7cd05039751c8a39;[];lu udah makan blm
1301;1714;1-10;614121.0;text;;[];False;False;669b603e2fede363;[];bloe
1302;1714;1-10;614125.0;text;1293.0;[];True;False;669b603e2fede363;[];gm?n
1303;1714;51-100;614193.0;text;;[];False;False;7cd05039751c8a39;[];gw lg mikirin mau ambil magang di perusahaan mana buat semester depan
1304;1714;11-50;614197.0;text;;[];False;False;7cd05039751c8a39;[];gw baru aja dr kampus
1305;1714;11-50;614206.0;text;;[];False;False;7cd05039751c8a39;[];kelas tambahan hari sabtu sih
1306;1714;11-50;614255.0;text;;[];False;False;758552ae48a9c576;[];Seminar tadi lama banget.
1307;1714;11-50;614262.0;text;;[];False;False;758552ae48a9c576;[];Warteg depan kampus enak.
1308;1714;1-10;614273.0;text;;[];False;False;669b603e2fede363;[];bet
1309;1714;11-50;614304.0;text;;[];False;False;9678f75a4fb4c347;[];dosen pembimbing susah ditemui
1310;1714;11-50;614836.0;text;;[];True;False;78bb5ecc66ccb40f;[];gimanaaaa kabar lu sekarang?
1311;1714;11-50;615036.0;text;;[];False;False;669b603e2fede363;[];gw baru aja dr kampus
1312;1714;11-50;615683.0;text;;[];False;False;15357a396c545b41;[];gw mau ambil cuti,,, semester
1313;1714;11-50;615699.0;text;;['🍀'];False;False;15357a396c545b41;[];kelas tambahan hari sabtu,,, sih
1314;1714;11-50;615771.0;text;;[];False;False;15357a396c545b41;[];tugas kelompok bikin pusing
1315;1714;11-50;615795.0;text;;[];False;False;15357a396c545b41;[];gw baru aja,,, dari kampus
1316;1714;11-50;615795.0;text;;[];False;False;15357a396c545b41;[];proposal skripsi gw ditolak
1317;1714;1-10;616225.0;text;;[];False;False;7cd05039751c8a39;[];hmm
1318;1714;11-50;616229.0;text;;[];False;False;7cd05039751c8a39;[];warteg depan kampus enak
1319;1714;0;616689.0;image/jpeg;;[];False;False;7cd05039751c8a39;[];[Foto]
1320;1714;1-10;616764.0;text;;[];False;False;758552ae48a9c576;[];Sabi.
1321;1714;11-50;616769.0;text;;[];False;False;758552ae48a9c576;[];Kelas tambahan hari sabtu sih.
1322;1714;11-50;616770.0;text;;[];False;False;758552ae48a9c576;[];Seminar tadi lama banget.
1323;1714;1-10;616774.0;text;;[];False;False;904f898e44eb019b;[];done
1324;1714;11-50;616778.0;text;;[];False;False;7cd05039751c8a39;[];lu udah makan blm
1325;1714;11-50;616779.0;text;;[];False;False;904f898e44eb019b;[];lu udah makan belum
1326;1714;11-50;616803.0;text;;['😂'];False;False;904f898e44eb019b;[];warteg depan kampus enak
1327;1714;0;616807.0;sticker/webp;;[];False;False;904f898e44eb019b;[];[Stiker]
1328;1714;11-50;617123.0;text;;[];False;False;669b603e2fede363;[];kelas tambahan hari sabtu sih
1329;1714;11-50;617144.0;text;;[];False;False;6269a7046147856a;[];wartegggg depan kampus enak
1330;1714;1-10;617145.0;text;;[];False;False;6269a7046147856a;[];amann
1331;1714;11-50;617155.0;text;;[];False;False;6269a7046147856a;[];mie ayammmm pak kumis juara sih
1332;1714;11-50;617170.0;text;;[];False;False;6269a7046147856a;[];kelas tambahan hari sabtu sih
1333;1714;0;617179.0;system;;[];False;False;6269a7046147856a;[];[Pesan sistem]
1334;1714;0;617379.0;system;;[];False;False;6269a7046147856a;[];[Pesan sistem]
1335;1714;1-10;617392.0;text;;[];True;False;15357a396c545b41;[];dimana?
1336;1714;11-50;617405.0;text;;[];False;False;6269a7046147856a;[];sidang minggu depan doain ya
1337;1714;11-50;617409.0;text;;[];False;False;669b603e2fede363;[];mie ayam pak kumis juara sih
1338;1714;1-10;617413.0;text;;['🙄'];False;False;6269a7046147856a;[];sabi
1339;1714;0;617428.0;system;;[];False;False;875a798b5fe6ce5e;[];[Pesan sistem]
1340;1715;0;620878.0;system;;[];False;False;6269a7046147856a;[];[Pesan sistem]
1341;1715;11-50;620907.0;text;;[];False;False;7cd05039751c8a39;[];gw ga percaya sih gosipnya
1342;1715;11-50;620911.0;text;;[];False;False;7cd05039751c8a39;[];gw berantem sm si anu
1343;1715;11-50;620917.0;text;;[];False;False;9678f75a4fb4c347;[];reuni kapan ya kita
1344;1715;1-10;620931.0;text;;[];False;False;7cd05039751c8a39;[];udah
1345;1715;11-50;620932.0;text;;[];False;False;7cd05039751c8a39;[];pacarnya baru siapa sih
1346;1715;11-50;622114.0;text;;[];True;False;6269a7046147856a;[];kossss lu dimana sih tepatnya?
1347;1715;11-50;622137.0;text;;[];False;False;9678f75a4fb4c347;[];temenin gw dong besok
1348;1715;11-50;622201.0;text;;[];False;True;7cd05039751c8a39;[];sedih bgt ceritanya!
1349;1715;11-50;622222.0;text;;[];False;False;9678f75a4fb4c347;[];eh denger gosip belum
1350;1715;0;622227.0;sticker/webp;;[];False;False;7cd05039751c8a39;[];[Stiker]
1351;1715;11-50;622231.0;text;;[];False;False;669b603e2fede363;[];gw berantem sm si anu
1352;1715;0;622235.0;sticker/webp;;[];False;False;669b603e2fede363;[];[Stiker]
1353;1715;1-10;622247.0;text;;[];False;False;7cd05039751c8a39;[];udah
1354;1715;0;622252.0;sticker/webp;;[];False;False;904f898e44eb019b;[];[Stiker]
1355;1715;1-10;622261.0;text;;[];False;False;904f898e44eb019b;[];cape
1356;1715;0;622268.0;sticker/webp;;[];False;False;78bb5ecc66ccb40f;[];[Stiker]
1357;1715;0;622271.0;sticker/webp;;[];False;False;904f898e44eb019b;[];[Stiker]
1358;1715;11-50;622592.0;text;;[];False;False;517d3fe8a4bacd58;[];gw berantem sama si anu
1359;1715;11-50;622605.0;text;;[];True;False;517d3fe8a4bacd58;[];jadwal sidang kapan bro?
1360;1715;11-50;622615.0;text;;[];True;False;517d3fe8a4bacd58;[];kapan terakhir kali ketemu?
1361;1715;1-10;622633.0;text;;[];False;False;517d3fe8a4bacd58;[];trus
1362;1715;1-10;622634.0;text;;[];False;False;78bb5ecc66ccb40f;[];dongg
1363;1715;11-50;622636.0;text;;[];False;False;78bb5ecc66ccb40f;[];angkot ke sanaa masih adaaa ga
1364;1715;11-50;622646.0;text;;[];False;False;78bb5ecc66ccb40f;[];angkottt ke sana masih adaa ga
1365;1715;11-50;622648.0;text;;[];False;False;78bb5ecc66ccb40f;[];gw ga percayaaaa sihh gosipnyaa
1366;1715;11-50;622650.0;text;;[];False;False;517d3fe8a4bacd58;[];pacarnya baru siapa sih
1367;1715;11-50;622667.0;text;;[];False;False;517d3fe8a4bacd58;[];gw kangen temen temen SMA
1368;1715;11-50;622678.0;text;;[];False;False;517d3fe8a4bacd58;[];diem diem ternyata jadian
1369;1715;11-50;622785.0;text;;[];False;False;78bb5ecc66ccb40f;[];diem diemmmm ternyata jadiannnn
1370;1715;1-10;622912.0;text;;[];False;False;517d3fe8a4bacd58;[];sama
1371;1715;11-50;622925.0;text;;[];False;False;517d3fe8a4bacd58;[];reuni kapan ya kita
1372;1715;11-50;623056.0;text;;[];False;False;7cd05039751c8a39;[];gw kangen temen temen sma
1373;1715;1-10;623057.0;text;;[];False;False;7cd05039751c8a39;[];hihi
1374;1715;1-10;623065.0;text;;[];False;False;517d3fe8a4bacd58;[];dong
1375;1715;11-50;623071.0;text;;[];False;False;517d3fe8a4bacd58;[];diem diem ternyata jadian
1376;1715;11-50;623084.0;text;;[];False;False;517d3fe8a4bacd58;[];si itu udah putus katanya
1377;1715;1-10;624095.0;text;;[];False;False;5c4174a89aef5c58;[];SETUJU
1378;1715;1-10;624105.0;text;;[];False;False;517d3fe8a4bacd58;[];setuju
1379;1715;1-10;624113.0;text;;[];False;False;517d3fe8a4bacd58;[];dong
1380;1715;1-10;624114.0;text;;[];False;False;517d3fe8a4bacd58;[];setuju
1381;1715;11-50;624127.0;text;;[];False;False;517d3fe8a4bacd58;[];temenin gw dong besok
1382;1715;11-50;624127.0;text;;[];False;False;5c4174a89aef5c58;[];TEMEN GW SAKIT MASUK RS
1383;1715;11-50;624133.0;text;;[];False;False;517d3fe8a4bacd58;[];gw kangen temen temen SMA
1384;1715;11-50;624139.0;text;;[];False;False;78bb5ecc66ccb40f;[];temenin gw dong besokkk
1385;1715;0;624147.0;sticker/webp;;[];False;False;5c4174a89aef5c58;[];[Stiker]
1386;1715;11-50;624149.0;text;1383.0;[];False;False;5c4174a89aef5c58;[];ANGKOT KE SANA MASIH ADA GA
1387;1715;11-50;624156.0;text;;[];False;False;517d3fe8a4bacd58;[];eh denger gosip belum
1388;1715;1-10;624158.0;text;;[];False;False;517d3fe8a4bacd58;[];amin
1389;1715;51-100;624175.0;text;;[];False;False;78bb5ecc66ccb40f;[];lu haruss cobaaaa kedaiiii kopiiii baru di jalannn belakangg kampus, enak bangett
1390;1715;1-10;624193.0;text;;['✊'];False;False;78bb5ecc66ccb40f;[];aminnn
1391;1715;11-50;624196.0;text;;[];False;False;517d3fe8a4bacd58;[];jangan bilang siapa siapa ya
1392;1715;11-50;624197.0;text;;[];False;False;78bb5ecc66ccb40f;[];pacarnya baruuuu siapa sihhhh
1393;1715;11-50;624200.0;text;;[];False;False;517d3fe8a4bacd58;[];diem diem ternyata jadian
1394;1715;1-10;624206.0;text;;[];False;False;5c4174a89aef5c58;[];DONG
1395;1715;1-10;624213.0;text;;[];False;False;517d3fe8a4bacd58;[];setuju
1396;1715;11-50;624216.0;text;;[];False;False;517d3fe8a4bacd58;[];gw ga percaya sih gosipnya
1397;1715;0;624220.0;sticker/webp;;[];False;False;5c4174a89aef5c58;[];[Stiker]
1398;1715;11-50;624223.0;text;;[];False;False;78bb5ecc66ccb40f;[];gw ga percayaaa sih gosipnya
1399;1715;11-50;624240.0;text;;[];False;False;5c4174a89aef5c58;[];GW KANGEN TEMEN TEMEN SMA
1400;1715;1-10;624245.0;text;;[];False;False;517d3fe8a4bacd58;[];amin
1401;1715;11-50;624246.0;text;;[];True;False;517d3fe8a4bacd58;[];pinjam catetan boleh ga?
1402;1715;51-100;624255.0;text;;[];False;False;78bb5ecc66ccb40f;[];gw pengennnn banget liburan ke pantai tapi duit lagi tipis bangettt sekarangg
1403;1715;11-50;624258.0;text;;[];False;False;517d3fe8a4bacd58;[];pacarnya baru siapa sih
1404;1715;11-50;624269.0;text;;[];False;False;517d3fe8a4bacd58;[];pacarnya baru siapa sih
1405;1715;11-50;624270.0;text;;[];False;False;78bb5ecc66ccb40f;[];gw kangen temen temenn smaaa
1406;1715;1-10;624275.0;text;;[];False;False;517d3fe8a4bacd58;[];amin
1407;1715;1-10;624276.0;text;;[];False;False;517d3fe8a4bacd58;[];udah
1408;1715;1-10;624278.0;text;;[];False;False;517d3fe8a4bacd58;[];gabut
1409;1715;1-10;624284.0;text;;[];False;False;5c4174a89aef5c58;[];WKWKW
1410;1715;11-50;624287.0;text;;[];True;False;517d3fe8a4bacd58;[];kos lu dimana sih tepatnya?
1411;1715;11-50;624287.0;text;;[];False;False;5c4174a89aef5c58;[];EH DENGER GOSIP BELUM
1412;1715;1-10;624290.0;text;;[];False;False;5c4174a89aef5c58;[];YWD
1413;1715;11-50;624294.0;text;;[];False;False;5c4174a89aef5c58;[];JANGAN BILANG SIAPA SIAPA YA
1414;1715;11-50;624300.0;text;;[];False;False;517d3fe8a4bacd58;[];gw ga percaya sih gosipnya
1415;1715;11-50;624303.0;text;;[];False;False;517d3fe8a4bacd58;[];gw ga percaya sih gosipnya
1416;1715;1-10;624309.0;text;;[];False;False;517d3fe8a4bacd58;[];udah
1417;1715;1-10;624313.0;text;;[];False;False;517d3fe8a4bacd58;[];amin
1418;1715;11-50;624313.0;text;;[];False;False;5c4174a89aef5c58;[];TEMEN GW SAKIT MASUK RS
1419;1715;11-50;624318.0;text;;[];False;False;517d3fe8a4bacd58;[];angkot ke sana masih ada ga
1420;1715;1-10;624321.0;text;;[];True;False;5c4174a89aef5c58;[];BISA?
1421;1715;11-50;624331.0;text;;[];False;False;517d3fe8a4bacd58;[];diem diem ternyata jadian
1422;1715;1-10;624345.0;text;;[];False;False;517d3fe8a4bacd58;[];udah
1423;1715;11-50;624345.0;text;;[];False;False;517d3fe8a4bacd58;[];diem diem ternyata jadian
1424;1715;1-10;624352.0;text;;[];False;False;5c4174a89aef5c58;[];WKWKW
1425;1715;1-10;624353.0;text;;[];False;False;517d3fe8a4bacd58;[];gabut
1426;1715;11-50;624366.0;text;;[];False;False;5c4174a89aef5c58;[];GW BERANTEM SAMA SI ANU
1427;1715;11-50;624367.0;text;;[];False;False;5c4174a89aef5c58;['6269a7046147856a'];JANGAN BILANG SIAPA SIAPA YA
1428;1715;1-10;624367.0;text;;[];False;True;517d3fe8a4bacd58;[];goks!
1429;1715;11-50;624375.0;text;;[];True;False;517d3fe8a4bacd58;[];kos lu dimana sih tepatnya?
1430;1715;11-50;624377.0;text;;[];False;False;5c4174a89aef5c58;[];SI ITU UDAH PUTUS KATANYA
1431;1715;11-50;624390.0;text;;[];False;False;517d3fe8a4bacd58;[];si itu udah putus katanya
1432;1715;11-50;624393.0;text;;[];False;False;78bb5ecc66ccb40f;[];angkottt ke sana masihh ada ga
1433;1715;11-50;624397.0;text;;[];False;False;5c4174a89aef5c58;[];GW KANGEN TEMEN TEMEN SMA
1434;1715;11-50;624404.0;text;;[];False;False;517d3fe8a4bacd58;[];reuni kapan ya kita
1435;1715;11-50;624417.0;text;;[];True;False;5c4174a89aef5c58;['78bb5ecc66ccb40f'];KOS LU DIMANA SIH TEPATNYA?
1436;1715;11-50;624418.0;text;;[];False;False;5c4174a89aef5c58;[];GW KANGEN TEMEN TEMEN SMA
1437;1715;11-50;624422.0;text;;[];True;False;78bb5ecc66ccb40f;[];pinjam catetan boleh ga?
1438;1715;1-10;624423.0;text;;[];False;False;5c4174a89aef5c58;[];UDAH
1439;1715;11-50;624424.0;text;;[];False;False;78bb5ecc66ccb40f;[];temenin gw dong besok
1440;1715;11-50;624435.0;text;;[];False;False;5c4174a89aef5c58;[];GW BERANTEM SAMA SI ANU
1441;1715;11-50;624443.0;text;;[];False;False;517d3fe8a4bacd58;[];si itu udah putus katanya
1442;1715;1-10;624445.0;text;;[];False;False;517d3fe8a4bacd58;[];trus
1443;1715;11-50;624446.0;text;;[];False;False;78bb5ecc66ccb40f;[];temenin gw dongg besok
1444;1715;11-50;624448.0;text;;[];False;False;5c4174a89aef5c58;[];TEMENIN GW DONG BESOK
1445;1715;11-50;624452.0;text;;[];False;False;517d3fe8a4bacd58;[];diem diem ternyata jadian
1446;1715;11-50;624454.0;text;1443.0;[];False;False;5c4174a89aef5c58;[];GW KANGEN TEMEN TEMEN SMA
1447;1715;1-10;624458.0;text;;[];False;False;5c4174a89aef5c58;[];TRUS
1448;1715;11-50;624462.0;text;;[];False;False;78bb5ecc66ccb40f;[];gw kangen temennnn temenn sma
1449;1715;11-50;624468.0;text;;[];False;False;517d3fe8a4bacd58;[];pacarnya baru siapa sih
1450;1715;11-50;624473.0;text;;[];True;False;5c4174a89aef5c58;[];PINJAM CATETAN BOLEH GA?
1451;1715;11-50;624479.0;text;;[];False;False;78bb5ecc66ccb40f;[];diem diem ternyata jadiannnn
1452;1715;11-50;624481.0;text;;[];False;False;517d3fe8a4bacd58;[];jangan bilang siapa siapa ya
1453;1715;11-50;624481.0;text;;[];False;False;517d3fe8a4bacd58;[];jangan bilang siapa siapa ya
1454;1715;1-10;624482.0;text;;[];False;False;517d3fe8a4bacd58;[];cape
1455;1715;11-50;624483.0;text;;[];False;False;78bb5ecc66ccb40f;[];gw kangen temen temen sma
1456;1715;1-10;624487.0;text;;[];False;False;5c4174a89aef5c58;[];YWD
1457;1715;11-50;624517.0;text;;[];False;False;517d3fe8a4bacd58;[];si itu udah putus katanya
1458;1715;0;624525.0;sticker/webp;;[];False;False;5c4174a89aef5c58;[];[Stiker]
1459;1715;11-50;624527.0;text;;[];False;False;517d3fe8a4bacd58;[];gw berantem sama si anu
1460;1715;11-50;624530.0;text;;[];False;False;78bb5ecc66ccb40f;[];jangan bilang siapaa siapa ya
1461;1715;11-50;624540.0;text;;[];False;False;5c4174a89aef5c58;[];ANGKOT KE SANA MASIH ADA GA
1462;1715;11-50;624543.0;text;;[];True;False;517d3fe8a4bacd58;[];jadwal sidang kapan bro?
1463;1715;11-50;624547.0;text;;[];False;False;5c4174a89aef5c58;[];SI ITU UDAH PUTUS KATANYA
1464;1715;1-10;624553.0;text;;[];False;False;78bb5ecc66ccb40f;[];trus
1465;1715;1-10;624555.0;text;;['😌'];False;False;78bb5ecc66ccb40f;[];hihiii
1466;1715;1-10;624556.0;text;;[];False;False;517d3fe8a4bacd58;[];males
1467;1715;11-50;624556.0;text;;[];False;False;5c4174a89aef5c58;['6269a7046147856a'];TEMENIN GW DONG BESOK
1468;1715;1-10;624564.0;text;;[];False;False;517d3fe8a4bacd58;[];dong
1469;1715;11-50;624569.0;text;;[];False;False;517d3fe8a4bacd58;[];si itu udah putus katanya
1470;1715;11-50;624582.0;text;;[];False;False;517d3fe8a4bacd58;[];temenin gw dong besok
1471;1715;11-50;624587.0;text;;[];False;False;5c4174a89aef5c58;[];TEMEN GW SAKIT MASUK RS
1472;1715;1-10;624589.0;text;;[];False;False;517d3fe8a4bacd58;[];dong
1473;1715;11-50;624591.0;text;;[];False;False;5c4174a89aef5c58;[];JANGAN BILANG SIAPA SIAPA YA
1474;1715;11-50;624594.0;text;;[];False;False;517d3fe8a4bacd58;[];pacarnya baru siapa sih
1475;1715;11-50;624595.0;text;;[];False;False;517d3fe8a4bacd58;[];jangan bilang siapa siapa ya
1476;1715;11-50;624601.0;text;1474.0;[];False;False;5c4174a89aef5c58;[];ANGKOT KE SANA MASIH ADA GA
1477;1715;11-50;624604.0;text;;[];False;False;517d3fe8a4bacd58;[];angkot ke sana masih ada ga
1478;1715;1-10;624616.0;text;;[];False;False;517d3fe8a4bacd58;[];hihi
1479;1715;11-50;624626.0;text;;[];False;False;517d3fe8a4bacd58;[];gw kangen temen temen SMA
1480;1715;11-50;624640.0;text;;[];False;False;517d3fe8a4bacd58;[];gw ga percaya sih gosipnya
1481;1715;11-50;624640.0;text;;[];False;False;517d3fe8a4bacd58;[];diem diem ternyata jadian
1482;1715;1-10;624643.0;text;;[];False;False;5c4174a89aef5c58;[];GABUT
1483;1715;1-10;624646.0;text;;[];False;False;5c4174a89aef5c58;[];TRUS
1484;1715;1-10;624654.0;text;;[];False;False;5c4174a89aef5c58;[];SETUJU
1485;1715;11-50;624655.0;text;;[];False;False;5c4174a89aef5c58;[];GW GA PERCAYA SIH GOSIPNYA
1486;1715;1-10;624657.0;text;;[];False;False;5c4174a89aef5c58;[];YWD
1487;1715;11-50;624659.0;text;;[];False;False;517d3fe8a4bacd58;[];pacarnya baru siapa sih
1488;1715;11-50;624670.0;text;;[];False;False;517d3fe8a4bacd58;[];temenin gw dong besok
1489;1715;0;624709.0;sticker/webp;;[];False;False;517d3fe8a4bacd58;[];[Stiker]
1490;1715;1-10;624720.0;text;;[];False;False;517d3fe8a4bacd58;[];hihi
1491;1715;11-50;624723.0;text;;[];True;False;5c4174a89aef5c58;[];KAPAN TERAKHIR KALI KETEMU?
1492;1715;11-50;624730.0;text;;[];False;False;517d3fe8a4bacd58;[];diem diem ternyata jadian
1493;1715;1-10;624732.0;text;;[];False;False;517d3fe8a4bacd58;[];setuju
1494;1715;11-50;624750.0;text;;[];False;False;517d3fe8a4bacd58;[];si itu udah putus katanya
1495;1715;0;625056.0;sticker/webp;;[];False;False;5c4174a89aef5c58;[];[Stiker]
1496;1715;0;625134.0;sticker/webp;;[];False;False;78bb5ecc66ccb40f;[];[Stiker]
1497;1715;0;625154.0;sticker/webp;;[];False;False;5c4174a89aef5c58;[];[Stiker]
1498;1715;0;625162.0;sticker/webp;;[];False;False;5c4174a89aef5c58;[];[Stiker]
1499;1715;0;625196.0;sticker/webp;;[];False;False;78bb5ecc66ccb40f;[];[Stiker]
1500;1715;0;625226.0;sticker/webp;;[];False;False;5c4174a89aef5c58;[];[Stiker]
1501;1715;0;625228.0;sticker/webp;;[];False;False;5c4174a89aef5c58;[];[Stiker]
1502;1715;11-50;625671.0;text;;[];False;False;78bb5ecc66ccb40f;[];diemm diem ternyata jadian
1503;1715;1-10;625675.0;text;;[];False;True;78bb5ecc66ccb40f;[];joss!
1504;1715;0;625678.0;sticker/webp;;[];False;False;904f898e44eb019b;[];[Stiker]
1505;1715;1-10;625683.0;text;;['🤣'];False;False;6269a7046147856a;[];setuju
1506;1715;0;625684.0;sticker/webp;;[];False;False;904f898e44eb019b;[];[Stiker]
1507;1715;11-50;625685.0;text;;[];False;False;6269a7046147856a;['517d3fe8a4bacd58'];jangannn bilanggg siapa siapa ya
1508;1715;0;625692.0;sticker/webp;;[];False;False;904f898e44eb019b;[];[Stiker]
1509;1715;0;625704.0;sticker/webp;;[];False;False;904f898e44eb019b;[];[Stiker]
1510;1715;0;625705.0;sticker/webp;;[];False;False;904f898e44eb019b;[];[Stiker]
1511;1716;1-10;627190.0;text;;['☺️'];False;False;517d3fe8a4bacd58;[];hayuk
1512;1716;51-100;627425.0;text;;[];False;False;517d3fe8a4bacd58;[];besok ada bazaar di kampus katanya banyak makanan murah, pada ikut ga
1513;1716;1-10;627433.0;text;;[];True;False;517d3fe8a4bacd58;[];dimana?
1514;1716;1-10;627439.0;text;;[];True;False;5c4174a89aef5c58;[];DIMANA?
1515;1716;1-10;627443.0;text;;[];False;False;5c4174a89aef5c58;[];MAGER
1516;1716;11-50;627451.0;text;;[];False;False;7cd05039751c8a39;[];nyokap nanya kapan lulus
1517;1716;1-10;627465.0;text;;['😂'];False;False;904f898e44eb019b;[];hayuk
1518;1716;11-50;627470.0;text;;[];False;False;904f898e44eb019b;[];mama minta gw pulang weekend
1519;1716;1-10;627486.0;text;;[];True;False;904f898e44eb019b;[];knp?
1520;1716;1-10;627490.0;text;;[];False;False;517d3fe8a4bacd58;[];woles
1521;1716;0;627527.0;video/mp4;;[];False;False;5c4174a89aef5c58;[];[Video]
1522;1716;1-10;627557.0;text;;[];False;False;517d3fe8a4bacd58;[];goks
1523;1716;0;627601.0;sticker/webp;;[];False;False;904f898e44eb019b;[];[Stiker]
1524;1716;0;627763.0;sticker/webp;;[];False;False;5c4174a89aef5c58;[];[Stiker]
1525;1716;101-500;628259.0;text;;[];False;False;5c4174a89aef5c58;[];GW PENGEN CURHAT SEDIKIT NIH. AKHIR AKHIR INI GW NGERASA BURNOUT BANGET SAMA RUTINITAS KULIAH YANG ITU ITU AJA. BANGUN PAGI, KULIAH, TUGAS, TIDUR, REPEAT. KADANG GW NGERASA KAYAK ROBOT YANG CUMA JALAN SESUAI PROGRAM TANPA TAU TUJUAN AKHIRNYA APA. MUNGKIN GW BUTUH LIBURAN BENERAN BUAT REFRESH OTAK
1526;1716;1-10;628266.0;text;;[];False;False;5c4174a89aef5c58;[];GINI
1527;1716;11-50;628266.0;text;;[];False;False;5c4174a89aef5c58;[];NYOKAP NANYA KAPAN LULUS
1528;1716;1-10;628495.0;text;;['😂'];False;False;517d3fe8a4bacd58;[];anjay
1529;1716;11-50;628496.0;text;;[];False;False;517d3fe8a4bacd58;[];gw kangen masakan rumah
1530;1716;11-50;628524.0;text;;[];True;False;517d3fe8a4bacd58;[];lu lagi ngapain sih?
1531;1716;11-50;628526.0;text;;[];False;False;517d3fe8a4bacd58;[];mama minta gw pulang weekend
1532;1716;1-10;628558.0;text;;[];False;False;5c4174a89aef5c58;[];HAYUK
1533;1716;11-50;628558.0;text;;[];False;False;5c4174a89aef5c58;[];GW BARU AJA KETEMU MANTAN
1534;1716;11-50;628567.0;text;;[];False;False;5c4174a89aef5c58;[];BOKAP GW LAGI DI LUAR KOTA
1535;1716;11-50;628843.0;text;;[];False;False;517d3fe8a4bacd58;[];nyokap nanya kapan lulus
1536;1716;1-10;628857.0;text;;[];False;False;5c4174a89aef5c58;[];NICE
1537;1716;11-50;628865.0;text;;[];False;False;5c4174a89aef5c58;[];NYOKAP NANYA KAPAN LULUS
1538;1716;11-50;628873.0;text;;[];False;False;5c4174a89aef5c58;[];PLAYLIST LO YANG MANA SIH
1539;1716;11-50;628938.0;text;;[];False;False;78bb5ecc66ccb40f;[];playlistttt lo yang mana sih
1540;1716;51-100;628940.0;text;;[];False;False;78bb5ecc66ccb40f;[];gw nontonnn film dokumenterrr semalammm tentang laut dan ikan, bagus banget
1541;1716;11-50;628948.0;text;;[];True;False;517d3fe8a4bacd58;[];itu tempatnya jauh ga?
1542;1716;1-10;628954.0;text;;[];False;False;517d3fe8a4bacd58;[];noted
1543;1716;11-50;628971.0;text;;[];False;False;78bb5ecc66ccb40f;[];gw lagiii marathon drakorrr nihhh
1544;1716;11-50;628977.0;text;;[];False;False;517d3fe8a4bacd58;[];film baru di bioskop bagus ga
1545;1716;1-10;628982.0;text;;['☹'];False;False;78bb5ecc66ccb40f;[];anjay
1546;1716;11-50;628986.0;text;;[];False;False;517d3fe8a4bacd58;[];gw kangen masakan rumah
1547;1716;11-50;628990.0;text;;[];False;False;78bb5ecc66ccb40f;[];adekkk gw masukk smaaaa tahun ini
1548;1716;101-500;629004.0;text;;[];False;False;78bb5ecc66ccb40f;[];gw pengennn curhat sedikit nih. akhir akhir ini gw ngerasa burnout bangett sama rutinitasss kuliahhhh yang itu ituu aja. bangunn pagi, kuliah, tugas, tidur, repeat. kadang gw ngerasaaaa kayakk robot yang cumaaa jalan sesuaii program tanpaa tau tujuannnn akhirnya apa. mungkin gw butuh liburan beneran buat refresh otak
1549;1716;11-50;629006.0;text;;[];False;False;78bb5ecc66ccb40f;[];mamaaaa minta gw pulang weekend
1550;1716;1-10;629007.0;text;;[];False;False;517d3fe8a4bacd58;[];pasti
1551;1716;11-50;629010.0;text;;[];False;False;517d3fe8a4bacd58;[];adek gw masuk SMA tahun ini
1552;1716;11-50;629011.0;text;;[];False;False;517d3fe8a4bacd58;[];gw baru aja ketemu mantan
1553;1716;11-50;629019.0;text;;[];False;False;517d3fe8a4bacd58;[];duit bulanan belum dikirim
1554;1716;11-50;629029.0;text;;[];True;False;517d3fe8a4bacd58;[];itu tempatnya jauh ga?
1555;1716;11-50;629042.0;text;;[];False;False;78bb5ecc66ccb40f;[];gw kangennnn masakan rumah
1556;1716;1-10;629044.0;text;;[];False;False;78bb5ecc66ccb40f;[];pasti
1557;1716;11-50;629057.0;text;;[];False;False;517d3fe8a4bacd58;[];adek gw masuk SMA tahun ini
1558;1716;1-10;629068.0;text;;[];False;False;5c4174a89aef5c58;[];GITU
1559;1716;11-50;629091.0;text;;[];False;False;517d3fe8a4bacd58;[];adek gw masuk SMA tahun ini
1560;1716;11-50;629094.0;text;;[];False;False;517d3fe8a4bacd58;[];adek gw masuk SMA tahun ini
1561;1716;11-50;629100.0;text;;[];False;False;517d3fe8a4bacd58;[];duit bulanan belum dikirim
1562;1716;11-50;629107.0;text;;[];False;False;517d3fe8a4bacd58;[];gw baru aja ketemu mantan
1563;1716;51-100;629274.0;text;;[];False;False;78bb5ecc66ccb40f;[];adek gw mau masuk kuliah tahun depann gw haruss bantu cariin infooo jurusan
1564;1716;11-50;629275.0;text;;[];False;False;78bb5ecc66ccb40f;['7cd05039751c8a39'];gw baru ajaaa ketemu mantan
1565;1716;51-100;629304.0;text;;[];False;False;78bb5ecc66ccb40f;[];adek gw mau masuk kuliahhh tahun depan gw harus bantuuu cariinn infoo jurusannn
1566;1716;11-50;629373.0;text;;[];True;False;5c4174a89aef5c58;[];LU LAGI NGAPAIN SIH?
1567;1716;51-100;629524.0;text;;[];False;False;78bb5ecc66ccb40f;[];gw lagii belajar masak sendiri biar ga jajannnn terussss lumayannn hemat soalnya
1568;1716;11-50;629529.0;text;;[];False;False;78bb5ecc66ccb40f;[];adekkkk gw masukk sma tahun iniiii
1569;1716;1-10;629547.0;text;;[];True;False;5c4174a89aef5c58;[];TERUS?
1570;1716;11-50;629568.0;text;;[];False;False;5c4174a89aef5c58;[];ADEK GW MASUK SMA TAHUN INI
1571;1716;11-50;629618.0;text;;[];False;False;517d3fe8a4bacd58;[];gw lagi marathon drakor nih
1572;1716;1-10;629618.0;text;;[];False;False;78bb5ecc66ccb40f;[];gini
1573;1716;11-50;629623.0;text;;[];False;False;78bb5ecc66ccb40f;[];gw kangen masakan rumahh
1574;1716;11-50;629628.0;text;;[];False;False;517d3fe8a4bacd58;[];gw kangen masakan rumah
1575;1716;11-50;629637.0;text;;[];False;False;78bb5ecc66ccb40f;[];mama mintaaa gw pulang weekend
1576;1716;11-50;629660.0;text;;['☹'];False;False;78bb5ecc66ccb40f;[];nyokap nanyaaaa kapan lulusss
1577;1716;11-50;629668.0;text;;['😐'];False;False;78bb5ecc66ccb40f;[];playlist lo yang mana sih
1578;1716;11-50;629676.0;text;;[];False;False;517d3fe8a4bacd58;[];gw baru aja ketemu mantan
1579;1716;0;629679.0;sticker/webp;;[];False;False;5c4174a89aef5c58;[];[Stiker]
1580;1716;11-50;629679.0;text;;[];False;False;517d3fe8a4bacd58;[];playlist lo yang mana sih
1581;1716;1-10;629751.0;text;;[];False;False;78bb5ecc66ccb40f;[];gini
1582;1716;11-50;629766.0;text;;[];False;False;78bb5ecc66ccb40f;[];film baru di bioskop bagus ga
1583;1716;1-10;629790.0;text;;[];False;False;517d3fe8a4bacd58;[];gini
1584;1716;1-10;629793.0;text;;[];False;False;5c4174a89aef5c58;[];GILA
1585;1716;51-100;629802.0;text;;[];False;False;517d3fe8a4bacd58;[];gw nonton film dokumenter semalam tentang laut dan ikan, bagus banget
1586;1716;1-10;629834.0;text;;[];False;False;78bb5ecc66ccb40f;[];gila
1587;1716;11-50;629885.0;text;;[];True;False;5c4174a89aef5c58;[];ITU TEMPATNYA JAUH GA?
1588;1716;11-50;629935.0;text;;[];False;False;517d3fe8a4bacd58;[];kakak gw baru aja nikah
1589;1716;11-50;629947.0;text;;[];False;False;5c4174a89aef5c58;[];KAKAK GW BARU AJA NIKAH
1590;1716;1-10;629948.0;text;;[];False;False;5c4174a89aef5c58;[];WOLES
1591;1716;1-10;629961.0;text;;[];False;False;517d3fe8a4bacd58;[];woles
1592;1716;11-50;629967.0;text;;[];False;False;517d3fe8a4bacd58;[];kakak gw baru aja nikah
1593;1716;11-50;629968.0;text;;[];True;False;5c4174a89aef5c58;[];ITU TEMPATNYA JAUH GA?
1594;1716;1-10;629970.0;text;;[];False;False;5c4174a89aef5c58;[];GITU
1595;1716;1-10;629983.0;text;;[];True;False;5c4174a89aef5c58;[];TERUS?
1596;1716;11-50;630003.0;text;;[];False;False;517d3fe8a4bacd58;[];gw kangen masakan rumah
1597;1716;0;630016.0;sticker/webp;;[];False;False;5c4174a89aef5c58;[];[Stiker]
1598;1716;11-50;630019.0;text;;[];False;False;5c4174a89aef5c58;[];KELUARGA NGUMPUL LEBARAN NANTI
1599;1716;11-50;630047.0;text;;[];False;False;517d3fe8a4bacd58;[];duit bulanan belum dikirim
1600;1716;11-50;630054.0;text;;[];False;False;517d3fe8a4bacd58;[];kakak gw baru aja nikah
1601;1716;11-50;630063.0;text;;[];False;False;517d3fe8a4bacd58;[];gw lagi marathon drakor nih
1602;1716;11-50;630068.0;text;;[];False;False;517d3fe8a4bacd58;[];nyokap nanya kapan lulus
1603;1716;11-50;630072.0;text;;[];False;False;5c4174a89aef5c58;[];GW BARU AJA KETEMU MANTAN
1604;1716;11-50;630076.0;text;;[];False;False;517d3fe8a4bacd58;[];gw kangen masakan rumah
1605;1716;1-10;630079.0;text;;[];False;False;5c4174a89aef5c58;[];NICE
1606;1716;1-10;630081.0;text;;[];False;False;5c4174a89aef5c58;[];WOLES
1607;1716;51-100;630083.0;text;1597.0;[];False;False;78bb5ecc66ccb40f;[];gw nonton film dokumenterr semalam tentang laut dan ikan, baguss banget
1608;1716;1-10;630095.0;text;;[];False;False;517d3fe8a4bacd58;[];gila
1609;1716;11-50;630107.0;text;;[];False;False;517d3fe8a4bacd58;[];gw kangen masakan rumah
1610;1716;11-50;630113.0;text;;[];False;False;517d3fe8a4bacd58;[];playlist lo yang mana sih
1611;1716;11-50;630114.0;text;;[];False;False;517d3fe8a4bacd58;[];gw baru aja ketemu mantan
1612;1716;1-10;630155.0;text;;[];False;False;5c4174a89aef5c58;[];YESS
1613;1716;1-10;630162.0;text;;[];False;False;5c4174a89aef5c58;[];YESS
1614;1716;11-50;630165.0;text;;[];False;False;5c4174a89aef5c58;['6269a7046147856a'];DUIT BULANAN BELUM DIKIRIM
1615;1716;1-10;630170.0;text;;[];False;False;5c4174a89aef5c58;[];NICE
1616;1716;1-10;630173.0;text;;[];False;False;517d3fe8a4bacd58;[];yess
1617;1716;1-10;630177.0;text;;[];False;False;517d3fe8a4bacd58;[];hayuk
1618;1716;11-50;630179.0;text;;[];False;False;78bb5ecc66ccb40f;['6269a7046147856a'];bokapp gw lagiii di luarrrr kota
1619;1716;11-50;630206.0;text;;[];False;False;5c4174a89aef5c58;[];BOKAP GW LAGI DI LUAR KOTA
1620;1716;0;630208.0;video/mp4;;[];False;False;5c4174a89aef5c58;[];[Video]
1621;1716;11-50;630218.0;text;;[];False;False;5c4174a89aef5c58;[];MAMA MINTA GW PULANG WEEKEND
1622;1716;11-50;630328.0;text;;[];True;False;904f898e44eb019b;[];lu lagi ngapain sih?
1623;1716;1-10;630341.0;text;;[];False;False;517d3fe8a4bacd58;[];hayuk
1624;1716;1-10;630344.0;text;;[];False;False;5c4174a89aef5c58;[];WOLES
1625;1716;11-50;630347.0;text;;[];True;False;6269a7046147856a;[];siapa aja yg dateng?
1626;1716;11-50;630349.0;text;;[];False;False;5c4174a89aef5c58;[];GW BARU AJA KETEMU MANTAN
1627;1716;11-50;630350.0;text;;[];False;False;904f898e44eb019b;[];bokap gw lagi di luar kota...
1628;1716;11-50;630350.0;text;;[];False;False;517d3fe8a4bacd58;[];kakak gw baru aja nikah
1629;1716;1-10;630356.0;text;;[];False;False;517d3fe8a4bacd58;[];mager
1630;1716;1-10;630360.0;text;;[];False;False;5c4174a89aef5c58;[];GOKS
1631;1716;11-50;630362.0;text;;[];False;False;5c4174a89aef5c58;[];KAKAK GW BARU AJA NIKAH
1632;1716;11-50;630367.0;text;;[];False;False;517d3fe8a4bacd58;[];kakak gw baru aja nikah
1633;1716;11-50;630367.0;text;;[];True;False;5c4174a89aef5c58;[];LU LAGI NGAPAIN SIH?
1634;1716;0;630372.0;sticker/webp;;[];False;False;904f898e44eb019b;[];[Stiker]
1635;1716;1-10;630375.0;text;;[];False;False;517d3fe8a4bacd58;[];anjay
1636;1716;11-50;630375.0;text;;[];False;False;517d3fe8a4bacd58;[];nyokap nanya kapan lulus
1637;1716;1-10;630385.0;text;;[];False;False;6269a7046147856a;[];nice
1638;1716;11-50;630387.0;text;;[];False;False;517d3fe8a4bacd58;[];gw kangen masakan rumah
1639;1716;11-50;630388.0;text;;[];False;False;6269a7046147856a;['5c4174a89aef5c58'];bokap gw lagii di luarrr kota
1640;1716;1-10;630422.0;text;;[];True;False;5c4174a89aef5c58;[];NAPA?
1641;1716;1-10;630434.0;text;;[];False;False;517d3fe8a4bacd58;[];noted
1642;1716;11-50;630451.0;text;;[];False;False;5c4174a89aef5c58;[];KAKAK GW BARU AJA NIKAH
1643;1716;11-50;630463.0;text;;[];False;False;517d3fe8a4bacd58;[];gw lagi marathon drakor nih
1644;1716;11-50;630464.0;text;;[];False;False;517d3fe8a4bacd58;[];keluarga ngumpul lebaran nanti
1645;1716;11-50;630489.0;text;;[];False;False;5c4174a89aef5c58;[];NYOKAP NANYA KAPAN LULUS
1646;1716;11-50;630498.0;text;;[];False;False;517d3fe8a4bacd58;[];gw kangen masakan rumah
1647;1716;11-50;630532.0;text;;[];False;False;517d3fe8a4bacd58;[];kakak gw baru aja nikah
1648;1716;1-10;630554.0;text;;[];False;False;517d3fe8a4bacd58;[];woles
1649;1716;0;630566.0;sticker/webp;;[];False;False;5c4174a89aef5c58;[];[Stiker]
1650;1716;0;630575.0;sticker/webp;;[];False;False;904f898e44eb019b;[];[Stiker]
1651;1716;0;630581.0;sticker/webp;;[];False;False;5c4174a89aef5c58;[];[Stiker]
1652;1716;11-50;630594.0;text;;[];True;False;517d3fe8a4bacd58;[];siapa aja yg dateng?
1653;1716;11-50;630600.0;text;;[];False;False;517d3fe8a4bacd58;[];gw baru aja ketemu mantan
1654;1716;11-50;630606.0;text;;[];False;False;5c4174a89aef5c58;[];NYOKAP NANYA KAPAN LULUS
1655;1716;0;630618.0;sticker/webp;;[];False;False;5c4174a89aef5c58;[];[Stiker]
1656;1716;11-50;630621.0;text;;[];False;False;517d3fe8a4bacd58;[];kakak gw baru aja nikah
1657;1716;11-50;630631.0;text;;[];False;False;517d3fe8a4bacd58;[];keluarga ngumpul lebaran nanti
1658;1716;11-50;630651.0;text;;[];True;False;517d3fe8a4bacd58;[];lu lagi ngapain sih?
1659;1716;11-50;630724.0;text;;[];False;False;5c4174a89aef5c58;[];GW KANGEN MASAKAN RUMAH
1660;1716;11-50;630734.0;text;;[];False;False;904f898e44eb019b;[];bokap gw lagi... di luar kota...
1661;1716;0;630738.0;sticker/webp;;[];False;False;904f898e44eb019b;[];[Stiker]
1662;1716;1-10;630757.0;text;;['🤣'];False;False;6269a7046147856a;[];nice
1663;1716;11-50;630760.0;text;;[];False;False;517d3fe8a4bacd58;[];film baru di bioskop bagus ga
1664;1716;11-50;630774.0;text;;[];False;False;517d3fe8a4bacd58;[];bokap gw lagi di luar kota
1665;1716;11-50;630789.0;text;;[];False;False;517d3fe8a4bacd58;[];adek gw masuk SMA tahun ini
1666;1716;0;630791.0;sticker/webp;;[];False;False;5c4174a89aef5c58;[];[Stiker]
1667;1716;0;631288.0;sticker/webp;;[];False;False;904f898e44eb019b;[];[Stiker]
1668;1716;0;631295.0;sticker/webp;;[];False;False;904f898e44eb019b;[];[Stiker]
1669;1717;0;636319.0;sticker/webp;;[];False;False;78bb5ecc66ccb40f;[];[Stiker]
1670;1717;101-500;640458.0;text;;[];False;False;7cd05039751c8a39;[];jadi ceritanya kemarin gw ke perpustakaan pusat buat nyari bahan referensi skripsi, ternyata bukunya udah dipinjem smua sm anak angkatan sebelah. akhirnya gw cuma bs fotokopi dr temen yg kebetulan pny. lumayan lah daripada ga dapet sm sekali, tinggal di rangkum aja sisanya
1671;1717;1-10;640465.0;text;;[];False;False;7cd05039751c8a39;[];yuk
1672;1717;101-500;640617.0;text;;[];False;False;7cd05039751c8a39;[];jadi ceritanya kemarin gw ke perpustakaan pusat buat nyari bahan referensi skripsi, ternyata bukunya udah dipinjem smua sm anak angkatan sebelah. akhirnya gw cuma bs fotokopi dr temen yg kebetulan pny. lumayan lah daripada ga dapet sm sekali, tinggal di rangkum aja sisanya
1673;1717;11-50;640625.0;text;;[];False;False;5c4174a89aef5c58;[];MATKUL INI SUSAH BANGET
1674;1717;1-10;640651.0;text;;[];False;False;5c4174a89aef5c58;[];GAS
1675;1717;11-50;640658.0;text;;[];False;False;5c4174a89aef5c58;[];DEADLINE BESOK PAGI BRO
1676;1717;11-50;640759.0;text;;[];False;False;5c4174a89aef5c58;[];LAB KOMPUTER PENUH TERUS
1677;1718;101-500;680325.0;text;;[];False;False;6269a7046147856a;['9678f75a4fb4c347', '5c4174a89aef5c58'];gw baruuu selesai nonton dokumenterr tentanggg kehidupan nelayan di pesisir utaraa jawa. sedihhhh banget liattt perjuangan mereka yangg harusss melautt berhariii hari cuma buat dapet ikan yangggg harganya ga seberapaaa di pasar. bikin gw makin bersyukur sih sama kehidupan gw sekaranggg walauuu kadang ngeluh jugaa
1678;1718;101-500;683626.0;text;;[];False;False;9678f75a4fb4c347;[];minggu lalu gw akhirnya beraniin diri buat ngomong sama dosen pembimbing soal progress skripsi yang mandek. ternyata beliau pengertian banget dan kasih banyak masukan yang berguna. gw nyesel ga ngomong dari awal soalnya selama ini gw cuma takut ditolak atau dimarahin padahal dosennya baik banget
1679;1718;51-100;684384.0;text;;[];True;False;6269a7046147856a;[];lu tau ga tempatt printtt yang murahhhh deket kampus buat tugas akhir?
1680;1718;11-50;684417.0;text;;['😂'];False;False;9678f75a4fb4c347;[];gw lg sibuk bgt minggu ini
1681;1718;101-500;684470.0;text;;[];True;False;6269a7046147856a;['875a798b5fe6ce5e', '669b603e2fede363', '517d3fe8a4bacd58', '7cd05039751c8a39', '758552ae48a9c576', '904f898e44eb019b', '78bb5ecc66ccb40f', '6cb7fd8d86a729e1', '15357a396c545b41', '9678f75a4fb4c347'];gw lagi bimbang nih antara mau ikut organisasi kampuss atau fokus ke akademikkkk aja. menurut kalian gimana sih, worthhh it ga sih ikut organisasi? soalnya gw denger banyak yang bilangg bisa nambahh soft skill tapi di sisi lainnnn waktu buat belajarrrr jadi berkurang kan, gimana pengalaman kalian?
1682;1718;51-100;684474.0;text;;[];False;False;15357a396c545b41;[];tadi gw antri di administrasi kampus,,, 2 jam cuma,,, buat ngurus surat
1683;1718;1-10;684498.0;text;;[];False;False;7cd05039751c8a39;[];siapp
1684;1718;11-50;684501.0;text;;[];False;False;517d3fe8a4bacd58;[];cuaca hari ini panas banget
1685;1718;11-50;684503.0;text;;[];False;False;6269a7046147856a;[];capek bangetttt hari iniiii asli
1686;1718;500+;684565.0;text;;['🤔', '🔴', '👉🏻', '👈🏻'];True;False;6269a7046147856a;[];masih buka ga warungnya?
1687;1718;11-50;684588.0;text;;[];False;False;15357a396c545b41;[];dompet gw ketinggalan di rumah
1688;1718;11-50;684616.0;text;;[];False;False;6cb7fd8d86a729e1;[];wifi kampus lemot parah
1689;1718;11-50;684640.0;text;;[];False;False;6269a7046147856a;[];bentar ya gw lg di jalannn
1690;1718;11-50;684653.0;text;;[];False;False;6269a7046147856a;[];hujan deres ga bawa payung
1691;1718;11-50;684653.0;text;;[];False;False;6cb7fd8d86a729e1;[];lu tim mana dukungnya
1692;1718;1-10;684655.0;text;;['😂'];False;False;6cb7fd8d86a729e1;[];okk
1693;1718;11-50;684663.0;text;;[];False;False;517d3fe8a4bacd58;[];hp gw lowbat nih
1694;1718;11-50;684674.0;text;;[];False;False;517d3fe8a4bacd58;[];charger hp gw rusak lagi
1695;1718;11-50;684685.0;text;;[];False;False;15357a396c545b41;[];internet mati lagi di kosan
1696;1718;11-50;684688.0;text;;[];False;False;517d3fe8a4bacd58;[];gw lagi di atm sebentar
1697;1718;51-100;684745.0;text;;[];False;False;15357a396c545b41;[];duit jajan gw abis,,, padahal baru tanggal 15 harus ngirit banget nih
1698;1718;101-500;684749.0;text;;['🤔'];True;False;6269a7046147856a;[];menurutttt kaliannn kenapa ya generasiii kitaaaa tuh kayaknya lebih gampanggg stres dan burnout dibandinggg generasi oranggg tua kita dulu? apaaaa karena tekanan sosmed atau emang tuntutan hidup yang makin tinggi ya? gw penasarannnn ajaa sih soalnyaa temen temenn gw banyak yangg ngeluhhhh hal yanggg sama
1699;1718;101-500;684795.0;text;;[];False;False;6269a7046147856a;[];gw baru selesai nontonnn dokumenter tentanggg kehidupan nelayan di pesisir utaraaa jawa. sedihhhh bangett liat perjuangan mereka yang harus melautt berhari hari cumaa buat dapet ikan yang harganyaaaa ga seberapa di pasar. bikin gw makin bersyukur sih sama kehidupan gw sekarang walauuu kadanggg ngeluhh juga
1700;1718;0;684935.0;sticker/webp;;[];False;False;9678f75a4fb4c347;[];[Stiker]
1701;1718;1-10;685287.0;text;;['🤣'];False;False;6269a7046147856a;[];eh
1702;1718;1-10;685304.0;text;;[];False;False;758552ae48a9c576;[];Eh.
1703;1718;101-500;685328.0;text;;[];False;False;6269a7046147856a;[];minggu lalu gw akhirnya beraniinn diri buat ngomong samaaa dosennn pembimbinggg soal progress skripsi yang mandek. ternyata beliau pengertian banget dannnn kasihh banyak masukan yang berguna. gw nyeselll ga ngomongg dari awal soalnya selama ini gw cuma takut ditolak atauuu dimarahinnnn padahal dosennyaaaa baikkkk banget
1704;1718;1-10;685332.0;text;;['💪🏽'];False;False;6269a7046147856a;[];ah
1705;1719;11-50;696584.0;text;;[];True;False;5c4174a89aef5c58;[];ITU TEMPATNYA JAUH GA?
1706;1719;1-10;697407.0;text;;['😢'];False;False;5c4174a89aef5c58;[];GILA
1707;1719;1-10;697433.0;text;;[];False;False;6269a7046147856a;[];noteddd
1708;1719;1-10;697502.0;text;;[];False;False;5c4174a89aef5c58;[];WOLES
1709;1719;1-10;698422.0;text;;[];False;False;7cd05039751c8a39;[];noted
1710;1719;1-10;698424.0;text;;[];False;False;7cd05039751c8a39;[];anjay
1711;1719;1-10;698427.0;text;;[];False;False;7cd05039751c8a39;[];noted
1712;1719;11-50;698758.0;text;;[];True;False;6269a7046147856a;['7cd05039751c8a39'];siapaa aja yg dateng?
1713;1719;11-50;698802.0;text;;[];False;False;517d3fe8a4bacd58;['7cd05039751c8a39'];gw lagi marathon drakor nih
1714;1719;0;698821.0;image/jpeg;;[];False;False;517d3fe8a4bacd58;[];[Foto]
1715;1719;1-10;698829.0;text;;[];False;False;7cd05039751c8a39;[];gitu
1716;1719;11-50;698832.0;text;;[];False;False;7cd05039751c8a39;[];playlist lo yg mana sih
1717;1719;11-50;698847.0;text;;[];False;False;517d3fe8a4bacd58;[];nyokap nanya kapan lulus
1718;1719;11-50;698854.0;text;;[];False;False;7cd05039751c8a39;[];gw baru aja ketemu mantan
1719;1719;11-50;698873.0;text;;[];True;False;7cd05039751c8a39;[];siapa aja yg dateng?
1720;1719;51-100;698876.0;text;;[];True;False;5c4174a89aef5c58;[];SIAPA SIH YANG SPREAD GOSIP ITU KE GRUP SEBELAH, TAU GA ORANGNYA?
1721;1719;1-10;698882.0;text;;[];False;False;7cd05039751c8a39;[];woles
1722;1719;1-10;698902.0;text;;[];False;False;5c4174a89aef5c58;[];NOTED
1723;1719;1-10;698908.0;text;;[];False;False;5c4174a89aef5c58;[];GILA
1724;1719;11-50;698912.0;text;;[];False;False;5c4174a89aef5c58;[];BOKAP GW LAGI DI LUAR KOTA
1725;1719;11-50;698923.0;text;;[];True;False;7cd05039751c8a39;[];knp ga bales chat gw?
1726;1719;1-10;698924.0;text;;[];False;False;7cd05039751c8a39;[];hayuk
1727;1719;11-50;698933.0;text;;[];False;False;7cd05039751c8a39;[];mama minta gw pulang weekend
1728;1719;1-10;698943.0;text;;[];False;False;5c4174a89aef5c58;[];NICE
1729;1719;1-10;698944.0;text;;[];False;False;7cd05039751c8a39;[];nice
1730;1719;1-10;699016.0;text;;['🙊'];False;False;5c4174a89aef5c58;[];WOLES
1731;1720;11-50;705331.0;text;;[];True;False;15357a396c545b41;[];jadi ketemuan ga hari,,, ini?
1732;1720;1-10;705336.0;text;;[];False;False;7cd05039751c8a39;[];siap
1733;1720;11-50;705342.0;text;;[];False;False;7cd05039751c8a39;[];dosen gw galak bgt sih
1734;1720;1-10;705389.0;text;;[];False;False;7cd05039751c8a39;[];wkwk
1735;1720;11-50;705463.0;text;;[];False;False;15357a396c545b41;[];perpus tutup jam berapa ya
1736;1720;11-50;705531.0;text;;[];False;False;7cd05039751c8a39;[];gw belom mulai tugas
1737;1720;0;705545.0;sticker/webp;;[];False;False;7cd05039751c8a39;[];[Stiker]
1738;1720;0;705622.0;sticker/webp;;[];False;False;5c4174a89aef5c58;[];[Stiker]
1739;1720;0;705699.0;sticker/webp;;[];False;False;15357a396c545b41;[];[Stiker]
1740;1720;1-10;705881.0;text;;[];False;False;5c4174a89aef5c58;[];YUK
1741;1720;1-10;705985.0;text;;[];False;False;7cd05039751c8a39;[];iya
1742;1720;1-10;706091.0;text;;[];False;False;517d3fe8a4bacd58;[];oke
1743;1720;1-10;706358.0;text;1742.0;[];False;False;5c4174a89aef5c58;[];OK
1744;1720;11-50;706365.0;text;;[];False;False;5c4174a89aef5c58;[];GW LG NGERJAIN TUGAS NIH
1745;1720;1-10;706367.0;text;;[];False;False;5c4174a89aef5c58;[];YUK
1746;1720;1-10;706367.0;text;;[];False;False;5c4174a89aef5c58;[];OTW
1747;1720;11-50;706368.0;text;;[];False;False;5c4174a89aef5c58;[];PERPUS TUTUP JAM BERAPA YA
1748;1720;11-50;706371.0;text;;[];False;False;517d3fe8a4bacd58;[];gw belom mulai tugas
1749;1720;1-10;706372.0;text;;[];False;False;517d3fe8a4bacd58;[];iya
1750;1720;11-50;706380.0;text;;[];False;False;517d3fe8a4bacd58;[];dosen gw galak banget sih
1751;1720;1-10;707003.0;text;;[];False;False;78bb5ecc66ccb40f;[];yoi
1752;1721;11-50;708630.0;text;;[];False;False;5c4174a89aef5c58;[];LAB KOMPUTER PENUH TERUS
1753;1721;11-50;708643.0;text;;[];False;False;5c4174a89aef5c58;[];GW LG NGERJAIN TUGAS NIH
1754;1721;11-50;708646.0;text;;[];False;False;5c4174a89aef5c58;[];TADI ABSEN GA SIH KAMU
1755;1721;11-50;708651.0;text;;[];False;False;5c4174a89aef5c58;[];IPK GW TURUN SEMESTER INI
1756;1721;11-50;708793.0;text;;[];False;False;7cd05039751c8a39;[];lab komputer penuh terus
1757;1721;1-10;708794.0;text;;[];False;False;7cd05039751c8a39;[];ok
1758;1721;11-50;708795.0;text;;[];False;False;7cd05039751c8a39;[];matkul ni susah bgt
1759;1721;1-10;709418.0;text;;[];False;False;78bb5ecc66ccb40f;[];dah
1760;1722;11-50;718643.0;text;;[];False;False;5c4174a89aef5c58;['fa349f0a7e6afa78'];TEMENIN GW DONG BESOK
1761;1722;11-50;718647.0;text;;[];True;False;5c4174a89aef5c58;[];KOS LU DIMANA SIH TEPATNYA?
1762;1722;1-10;718883.0;text;;[];False;False;fa349f0a7e6afa78;[];trus!!
1763;1722;1-10;718883.0;text;;[];False;False;fa349f0a7e6afa78;[];cape!!!
1764;1722;1-10;718895.0;text;;[];True;False;5c4174a89aef5c58;[];READY?
1765;1722;11-50;719720.0;text;;[];False;False;fa349f0a7e6afa78;[];angkot ke sana masih ada ga!!!
1766;1722;11-50;719721.0;text;;[];False;False;fa349f0a7e6afa78;[];si itu udah putus katanya!!!
1767;1722;1-10;720447.0;text;;[];True;False;5c4174a89aef5c58;[];BOLEH?
1768;1722;11-50;720453.0;text;;[];False;False;5c4174a89aef5c58;[];PACARNYA BARU SIAPA SIH
1769;1722;1-10;720453.0;text;;[];False;False;5c4174a89aef5c58;[];GABUT
1770;1722;1-10;721007.0;text;;[];False;False;fa349f0a7e6afa78;[];udah!!
1771;1722;11-50;722251.0;text;;[];False;False;fa349f0a7e6afa78;[];pacarnya baru siapa sih!!!
1772;1723;51-100;727433.0;text;;[];False;False;5c4174a89aef5c58;[];GW BARU AJA SELESAI NGERJAIN TUGAS SAMPE JAM 3 PAGI, MAU MATI RASANYA
1773;1723;1-10;727444.0;text;;[];True;False;5c4174a89aef5c58;[];KAPAN?
1774;1723;1-10;727844.0;text;;[];False;False;904f898e44eb019b;[];gas
1775;1723;1-10;727844.0;text;;[];False;False;904f898e44eb019b;[];wkwk
1776;1723;11-50;727858.0;text;;[];False;False;5c4174a89aef5c58;[];IPK GW TURUN SEMESTER INI
1777;1723;11-50;727877.0;text;;[];False;False;5c4174a89aef5c58;[];GW BELOM MULAI TUGAS
1778;1723;0;728106.0;sticker/webp;;[];False;False;904f898e44eb019b;[];[Stiker]
1779;1724;11-50;757075.0;text;;[];False;False;6cb7fd8d86a729e1;[];tadi absen ga sih kamu
1780;1724;11-50;757078.0;text;;[];False;False;6cb7fd8d86a729e1;[];lab komputer penuh terus
1781;1724;0;757122.0;sticker/webp;;[];False;False;5c4174a89aef5c58;[];[Stiker]
1782;1724;0;757156.0;sticker/webp;;[];False;False;6cb7fd8d86a729e1;[];[Stiker]
1783;1724;0;757178.0;sticker/webp;;[];False;False;5c4174a89aef5c58;[];[Stiker]
1784;1725;11-50;759288.0;text;;[];True;False;5c4174a89aef5c58;[];SIAPA AJA YG DATENG?
1785;1725;1-10;759318.0;text;;[];False;False;5c4174a89aef5c58;[];NOTED
1786;1725;1-10;759327.0;text;;[];False;False;5c4174a89aef5c58;[];YESS
1787;1725;1-10;759329.0;text;;['😊'];False;False;5c4174a89aef5c58;[];MAGER
1788;1726;11-50;768588.0;text;;[];False;False;5c4174a89aef5c58;['517d3fe8a4bacd58'];GW BARU GANTI NOMOR BTW
1789;1726;11-50;768593.0;text;;[];False;False;5c4174a89aef5c58;[];BENTAR YA GW LG DI JALAN
1790;1726;1-10;768598.0;text;;[];True;False;5c4174a89aef5c58;[];ADA?
1791;1726;11-50;768615.0;text;;[];False;False;517d3fe8a4bacd58;[];gw lagi di atm sebentar
1792;1726;11-50;768623.0;text;;[];False;False;517d3fe8a4bacd58;[];lu tim mana dukungnya
1793;1726;1-10;768761.0;text;;[];False;False;5c4174a89aef5c58;[];YESS
1794;1726;11-50;768766.0;text;;[];False;False;5c4174a89aef5c58;[];CUACA HARI INI PANAS BANGET
1795;1726;11-50;769008.0;text;;[];False;False;517d3fe8a4bacd58;[];bentar ya gw lg di jalan
1796;1726;1-10;769077.0;text;;[];False;False;5c4174a89aef5c58;[];SEEP
1797;1726;1-10;769082.0;text;;[];False;False;5c4174a89aef5c58;[];OH
1798;1726;11-50;769083.0;text;;[];False;False;5c4174a89aef5c58;[];DOMPET GW KETINGGALAN DI RUMAH
1799;1726;11-50;769091.0;text;;[];False;False;5c4174a89aef5c58;[];HP GW LOWBAT NIH
1800;1727;0;780945.0;sticker/webp;;[];False;False;669b603e2fede363;[];[Stiker]
1801;1727;0;781385.0;sticker/webp;;[];False;False;78bb5ecc66ccb40f;[];[Stiker]
1802;1727;11-50;781422.0;text;;[];False;False;bd6a8d8230a32725;[];nongkrong yuk di kafe biasa
1803;1727;11-50;781836.0;text;;[];False;False;904f898e44eb019b;[];nongkrong yuk di kafe biasa
1804;1727;0;782799.0;system;;[];False;False;5c4174a89aef5c58;[];[Pesan sistem]
1805;1727;0;783020.0;sticker/webp;;[];False;False;78bb5ecc66ccb40f;[];[Stiker]
1806;1727;11-50;783024.0;text;;[];False;False;78bb5ecc66ccb40f;[];sarapan dulu baru mikir
1807;1728;1-10;784425.0;text;;['😢'];False;False;5c4174a89aef5c58;[];SANS
1808;1728;0;784428.0;sticker/webp;;[];False;False;5c4174a89aef5c58;[];[Stiker]
1809;1728;0;784780.0;sticker/webp;;[];False;False;5c4174a89aef5c58;[];[Stiker]
1810;1728;0;784792.0;sticker/webp;;[];False;False;669b603e2fede363;[];[Stiker]
1811;1728;0;784899.0;sticker/webp;;[];False;False;5c4174a89aef5c58;[];[Stiker]
1812;1728;0;784908.0;sticker/webp;;[];False;False;5c4174a89aef5c58;[];[Stiker]
1813;1728;0;785389.0;sticker/webp;;[];False;False;669b603e2fede363;[];[Stiker]
1814;1728;0;785461.0;sticker/webp;;[];False;False;669b603e2fede363;[];[Stiker]
1815;1728;0;785512.0;sticker/webp;;[];False;False;904f898e44eb019b;[];[Stiker]
1816;1728;0;785518.0;sticker/webp;;[];False;False;904f898e44eb019b;[];[Stiker]
1817;1728;0;785717.0;sticker/webp;;[];False;False;5c4174a89aef5c58;[];[Stiker]
1818;1728;0;785824.0;sticker/webp;;[];False;False;904f898e44eb019b;[];[Stiker]
1819;1728;0;785861.0;sticker/webp;;[];False;False;5c4174a89aef5c58;[];[Stiker]
1820;1728;0;786288.0;sticker/webp;;[];False;False;904f898e44eb019b;[];[Stiker]
1821;1728;0;786301.0;sticker/webp;;[];False;False;904f898e44eb019b;[];[Stiker]
1822;1728;0;786332.0;sticker/webp;;[];False;False;669b603e2fede363;[];[Stiker]
1823;1728;0;786397.0;sticker/webp;;[];False;False;5c4174a89aef5c58;[];[Stiker]
1824;1728;0;786413.0;sticker/webp;;[];False;False;904f898e44eb019b;[];[Stiker]
1825;1728;1-10;786424.0;text;;[];False;False;904f898e44eb019b;[];njir
1826;1728;0;786433.0;sticker/webp;;[];False;False;904f898e44eb019b;[];[Stiker]
1827;1728;0;786478.0;sticker/webp;;[];False;False;5c4174a89aef5c58;[];[Stiker]
1828;1728;1-10;786482.0;text;;[];False;False;5c4174a89aef5c58;[];ZONK
1829;1728;0;786528.0;sticker/webp;;[];False;False;669b603e2fede363;[];[Stiker]
1830;1728;0;786558.0;sticker/webp;;[];False;False;904f898e44eb019b;[];[Stiker]
1831;1728;0;786575.0;sticker/webp;;[];False;False;5c4174a89aef5c58;[];[Stiker]
1832;1729;11-50;795176.0;text;;[];True;False;15357a396c545b41;[];besok libur bukan sih?
1833;1729;11-50;795202.0;text;;[];True;False;15357a396c545b41;[];mau nitip apa ga?
1834;1729;11-50;795259.0;text;;[];True;False;669b603e2fede363;[];mau niitp apa ga?
1835;1729;11-50;795408.0;text;;[];False;False;15357a396c545b41;[];capek banget hari ini,,, asli
1836;1729;1-10;795426.0;text;;[];False;False;669b603e2fede363;[];yoii
1837;1729;1-10;795427.0;text;;[];False;False;669b603e2fede363;[];yoii
1838;1729;11-50;795430.0;text;;[];False;False;669b603e2fede363;[];gw lg di atm btr
1839;1729;11-50;795456.0;text;;[];True;False;758552ae48a9c576;[];gw harus bawa apa aja?
1840;1729;11-50;795467.0;text;;[];False;False;758552ae48a9c576;[];Hp gw lowbat nih.
1841;1729;51-100;795473.0;text;;[];False;False;758552ae48a9c576;['78bb5ecc66ccb40f'];Gw lagi dengerin podcast tentang psikologi, lumayan buat nambah wawasan.
1842;1729;1-10;795505.0;text;;[];False;False;78bb5ecc66ccb40f;[];eh
1843;1729;1-10;795507.0;text;;['😌'];False;False;78bb5ecc66ccb40f;[];oh
1844;1729;1-10;795524.0;text;;[];False;False;5c4174a89aef5c58;[];HEM
1845;1729;11-50;795543.0;text;;[];True;False;5c4174a89aef5c58;[];MAU NITIP APA GA?
1846;1729;1-10;795546.0;text;;[];False;False;758552ae48a9c576;[];Okey.
1847;1729;1-10;795547.0;text;;[];False;False;5c4174a89aef5c58;[];IYAA
1848;1729;11-50;795555.0;text;;[];False;False;758552ae48a9c576;[];Ntar gw kabarin lagi deh.
1849;1729;1-10;795560.0;text;;[];False;False;5c4174a89aef5c58;[];AH
1850;1729;11-50;795561.0;text;;[];False;False;758552ae48a9c576;[];Hujan deres ga bawa payung.
1851;1729;11-50;795569.0;text;;[];False;False;758552ae48a9c576;[];Gw lg sibuk bgt minggu ini.
1852;1729;11-50;795571.0;text;;[];False;False;758552ae48a9c576;[];Internet mati lagi di kosan.
1853;1729;11-50;795578.0;text;;[];False;False;758552ae48a9c576;[];Internet mati lagi di kosan.
1854;1729;11-50;795886.0;text;;[];True;False;6269a7046147856a;[];mau nitip apa ga?
1855;1729;11-50;795919.0;text;;[];False;False;758552ae48a9c576;[];Hp gw lowbat nih.
1856;1729;11-50;795923.0;text;;[];False;False;758552ae48a9c576;[];Hp gw lowbat nih.
1857;1729;11-50;795933.0;text;;[];False;False;758552ae48a9c576;[];Dompet gw ketinggalan di rumah.
1858;1729;11-50;795938.0;text;;[];False;False;758552ae48a9c576;[];Lu tim mana dukungnya.
1859;1729;11-50;796031.0;text;;[];False;False;6269a7046147856a;[];gw baru ganti nomor btw
1860;1729;51-100;796040.0;text;;[];True;True;6269a7046147856a;[];lu percaya ga sih samaa berita yang lagi viral di twitter itu?
1861;1729;1-10;796351.0;text;;[];False;False;669b603e2fede363;[];seep
1862;1729;1-10;796351.0;text;;[];False;False;669b603e2fede363;[];ah
1863;1729;11-50;796354.0;text;;[];False;False;669b603e2fede363;[];benatr ya gw lg di jalan
1864;1729;51-100;796357.0;text;;[];False;False;6269a7046147856a;[];laptoppp gw mulai lemot nih kayaknya harussss install ulang atau ganti rammm
1865;1729;1-10;796366.0;text;;['🤣'];False;False;669b603e2fede363;[];okk
1866;1729;11-50;796368.0;text;;[];False;False;669b603e2fede363;[];gw brau gnati nomor btw
1867;1729;51-100;796409.0;text;;['😟'];False;False;6269a7046147856a;[];tadi gw antri di administrasiii kampusss 2 jam cumaa buat ngurus surat
1868;1729;11-50;796527.0;text;;[];False;False;5c4174a89aef5c58;[];HP GW LOWBAT NIH
1869;1729;0;796535.0;sticker/webp;;[];False;False;5c4174a89aef5c58;[];[Stiker]
1870;1729;1-10;796542.0;text;;[];False;False;5c4174a89aef5c58;[];GASSSS
1871;1729;11-50;796582.0;text;;[];True;False;517d3fe8a4bacd58;[];gw harus bawa apa aja?
1872;1729;11-50;796582.0;text;;[];False;False;517d3fe8a4bacd58;[];capek banget hari ini asli
1873;1729;1-10;796588.0;text;;['😅'];False;False;517d3fe8a4bacd58;[];yoii
1874;1729;11-50;796604.0;text;;[];False;False;517d3fe8a4bacd58;[];wifi kampus lemot parah
1875;1729;1-10;796615.0;text;;['🤣'];False;False;6269a7046147856a;[];siapp
1876;1729;51-100;796636.0;text;;[];False;False;6269a7046147856a;[];gw seneng banget akhirnya bisa ketemu temen temen lama setelahhh lama ga
1877;1729;11-50;796641.0;text;;[];False;False;6269a7046147856a;[];gw baruuuu gantii nomor btw
1878;1729;0;797301.0;sticker/webp;;[];False;False;904f898e44eb019b;[];[Stiker]
1879;1729;0;797322.0;sticker/webp;;[];False;False;904f898e44eb019b;[];[Stiker]
1880;1729;11-50;797325.0;text;;[];True;False;904f898e44eb019b;[];lu punya kontak dia ga?
1881;1729;0;797328.0;sticker/webp;;[];False;False;904f898e44eb019b;[];[Stiker]
1882;1729;1-10;797332.0;text;;[];False;False;5c4174a89aef5c58;[];GASSSS
1883;1729;0;797342.0;sticker/webp;;[];False;False;5c4174a89aef5c58;[];[Stiker]
1884;1729;0;797398.0;sticker/webp;;[];False;False;904f898e44eb019b;[];[Stiker]
1885;1729;0;797406.0;sticker/webp;;[];False;False;904f898e44eb019b;[];[Stiker]
1886;1729;0;797410.0;sticker/webp;;[];False;False;904f898e44eb019b;[];[Stiker]
1887;1729;0;797418.0;sticker/webp;;[];False;False;5c4174a89aef5c58;[];[Stiker]
1888;1729;0;797555.0;unknown;;[];False;False;904f898e44eb019b;[];[Media tidak dikenal]
1889;1729;1-10;797660.0;text;;[];False;False;669b603e2fede363;[];okk
1890;1729;1-10;797665.0;text;;[];False;False;669b603e2fede363;[];gassss
1891;1729;1-10;797668.0;text;;[];False;False;669b603e2fede363;[];yess
1892;1729;1-10;797681.0;text;;[];False;False;5c4174a89aef5c58;[];OKK
1893;1729;11-50;797684.0;text;;[];False;False;517d3fe8a4bacd58;[];wifi kampus lemot parah
1894;1729;0;797689.0;sticker/webp;;[];False;False;5c4174a89aef5c58;[];[Stiker]
1895;1729;0;797693.0;sticker/webp;;[];False;False;5c4174a89aef5c58;[];[Stiker]
1896;1729;0;797749.0;sticker/webp;;[];False;False;669b603e2fede363;[];[Stiker]
1897;1729;11-50;797794.0;text;;['😅'];False;False;78bb5ecc66ccb40f;[];gw baru ganti nomor btw
1898;1729;51-100;797815.0;text;1850.0;[];False;False;7cd05039751c8a39;[];tadi gw antri di administrasi kampus 2 jam cuma buat ngurus surat
1899;1729;1-10;797819.0;text;;[];False;False;669b603e2fede363;[];ah
1900;1729;11-50;797824.0;text;;[];False;False;7cd05039751c8a39;[];ntar gw kabarin lg deh
1901;1729;1-10;797842.0;text;;[];False;False;78bb5ecc66ccb40f;[];iyaa
1902;1729;11-50;797848.0;text;;[];False;False;78bb5ecc66ccb40f;[];chargerrrr hp gw rusak lagi
1903;1729;11-50;797848.0;text;;[];True;False;5c4174a89aef5c58;[];LU PUNYA KONTAK DIA GA?
1904;1729;11-50;797856.0;text;;[];False;False;5c4174a89aef5c58;[];WIFI KAMPUS LEMOT PARAH
1905;1729;11-50;797862.0;text;;[];False;False;78bb5ecc66ccb40f;[];internetttt mati lagi di kosan
1906;1729;11-50;797863.0;text;;[];False;False;7cd05039751c8a39;[];dompet gw ketinggalan di rumah
1907;1729;0;797868.0;sticker/webp;;[];False;False;5c4174a89aef5c58;[];[Stiker]
1908;1729;11-50;797869.0;text;;[];False;False;5c4174a89aef5c58;[];CUACA HARI INI PANAS BANGET
1909;1729;11-50;797878.0;text;;[];False;False;5c4174a89aef5c58;[];WIFI KAMPUS LEMOT PARAH
1910;1729;1-10;797880.0;text;;[];False;False;5c4174a89aef5c58;[];YESS
1911;1729;1-10;797889.0;text;;[];False;False;5c4174a89aef5c58;[];YESS
1912;1729;0;797998.0;video/mp4;;[];False;False;7cd05039751c8a39;[];[Video]
1913;1729;11-50;798036.0;text;;[];False;True;6269a7046147856a;[];makasih banget ya semuanya!
1914;1729;1-10;798042.0;text;;[];False;False;5c4174a89aef5c58;[];EH
1915;1729;1-10;798049.0;text;;['😂'];False;False;78bb5ecc66ccb40f;[];yoiiii
1916;1729;11-50;798366.0;text;;[];False;False;758552ae48a9c576;[];Cuaca hari ini panas banget.
1917;1729;11-50;798384.0;text;;[];False;False;78bb5ecc66ccb40f;[];gw mau tidur duluu ya
1918;1729;11-50;798393.0;text;;[];False;False;78bb5ecc66ccb40f;[];chargerrrr hp gw rusakk lagi
1919;1729;11-50;798395.0;text;;[];False;False;517d3fe8a4bacd58;[];cuaca hari ini panas banget
1920;1729;11-50;798395.0;text;;[];True;False;78bb5ecc66ccb40f;[];lu punyaaaa kontak dia ga?
1921;1729;1-10;798398.0;text;;['😂'];False;False;78bb5ecc66ccb40f;[];gassss
1922;1729;11-50;798399.0;text;;[];False;False;517d3fe8a4bacd58;[];ntar gw kabarin lagi deh
1923;1729;1-10;798429.0;text;;[];True;False;5c4174a89aef5c58;[];MW?
1924;1729;11-50;798433.0;text;;[];False;False;78bb5ecc66ccb40f;[];capek bangett harii iniii asli
1925;1729;11-50;798440.0;text;;[];False;False;517d3fe8a4bacd58;[];lu tim mana dukungnya
1926;1729;1-10;798443.0;text;;[];False;False;5c4174a89aef5c58;[];AH
1927;1729;1-10;798444.0;text;;[];False;False;5c4174a89aef5c58;[];OKEY
1928;1729;1-10;798448.0;text;;[];False;False;78bb5ecc66ccb40f;[];siapp
1929;1729;1-10;798452.0;text;;[];False;False;5c4174a89aef5c58;[];SIAPP
1930;1729;11-50;798452.0;text;;[];False;False;517d3fe8a4bacd58;[];hujan deres ga bawa payung
1931;1729;11-50;798453.0;text;;[];True;False;5c4174a89aef5c58;[];GW HARUS BAWA APA AJA?
1932;1729;11-50;798457.0;text;;[];True;False;bd6a8d8230a32725;[];msh buka ga warungnya?
1933;1729;11-50;798459.0;text;;[];False;False;517d3fe8a4bacd58;[];capek banget hari ini asli
1934;1729;1-10;798468.0;text;;[];False;False;78bb5ecc66ccb40f;[];oh
1935;1729;11-50;798475.0;text;;[];False;False;78bb5ecc66ccb40f;[];capek banget hari ini asliiii
1936;1729;11-50;798478.0;text;;[];False;False;78bb5ecc66ccb40f;[];cuaca hari ini panas banget
1937;1729;1-10;798484.0;text;;[];True;False;78bb5ecc66ccb40f;[];gk?
1938;1729;11-50;798548.0;text;;[];False;False;78bb5ecc66ccb40f;['bd6a8d8230a32725'];bentar ya gw lg di jalan
1939;1729;51-100;798614.0;text;;[];False;False;bd6a8d8230a32725;[];laptop gw mulai lemot nih kayaknya hrs install ulang atau ganti ram...
1940;1729;11-50;798623.0;text;;[];True;False;bd6a8d8230a32725;[];msh buka ga warungnya?
1941;1729;51-100;798631.0;text;;[];False;False;bd6a8d8230a32725;[];gw lg dengerin podcast tentang psikologi, lumayan buat nambah wawasan
1942;1729;11-50;798642.0;text;;[];False;False;78bb5ecc66ccb40f;[];hujan deres ga bawaaaa payungggg
1943;1729;11-50;798645.0;text;;[];False;False;78bb5ecc66ccb40f;[];gw mauu tidurr dulu ya
1944;1729;51-100;798660.0;text;;[];False;False;78bb5ecc66ccb40f;[];laptop gw mulaiiii lemot nihh kayaknya harus installlll ulang atau ganti ramm
1945;1729;1-10;798666.0;text;;[];False;False;78bb5ecc66ccb40f;[];seep
1946;1729;11-50;798667.0;text;;[];False;False;bd6a8d8230a32725;[];cuaca hari ni panas bgt
1947;1729;11-50;798675.0;text;;[];False;False;bd6a8d8230a32725;[];wifi kampus lemot parah
1948;1729;11-50;798685.0;text;;[];False;False;78bb5ecc66ccb40f;[];cuaca hari iniiii panas banget
1949;1729;1-10;798707.0;text;;[];True;False;517d3fe8a4bacd58;[];yg mn?
1950;1729;51-100;798709.0;text;;[];True;False;78bb5ecc66ccb40f;[];ada yanggg mau patungannn buat beli kadooo ulanggg tahun si anuu ga?
1951;1729;1-10;798716.0;text;;[];False;False;78bb5ecc66ccb40f;[];siapp
1952;1729;1-10;798729.0;text;;['🤔'];False;False;517d3fe8a4bacd58;[];siapp
1953;1729;11-50;798742.0;text;;[];False;False;517d3fe8a4bacd58;[];gw mau tidur dulu ya
1954;1729;11-50;798762.0;text;;['☹'];False;False;78bb5ecc66ccb40f;[];wifi kampussss lemot parah
1955;1729;11-50;798768.0;text;;[];False;False;78bb5ecc66ccb40f;[];baru bangunnnn nih masihhh ngantuk
1956;1729;1-10;798778.0;text;;['😌'];False;False;78bb5ecc66ccb40f;[];iyaaaaa
1957;1729;11-50;798781.0;text;;[];False;False;78bb5ecc66ccb40f;[];lu timm mana dukungnya
1958;1729;51-100;798801.0;text;;[];False;False;78bb5ecc66ccb40f;['517d3fe8a4bacd58'];gw seneng banget akhirnya bisaa ketemu temen temen lama setelah lama ga
1959;1729;1-10;798802.0;text;;['😏'];False;False;78bb5ecc66ccb40f;[];gassssss
1960;1729;11-50;798803.0;text;;[];False;False;517d3fe8a4bacd58;[];hujan deres ga bawa payung
1961;1729;0;798813.0;sticker/webp;;[];False;False;5c4174a89aef5c58;[];[Stiker]
1962;1729;1-10;798814.0;text;;[];False;False;5c4174a89aef5c58;[];OH
1963;1729;11-50;798815.0;text;;[];False;False;517d3fe8a4bacd58;[];bentar ya gw lg di jalan
1964;1729;0;798823.0;sticker/webp;;[];False;False;78bb5ecc66ccb40f;[];[Stiker]
1965;1729;0;798842.0;sticker/webp;;[];False;False;5c4174a89aef5c58;[];[Stiker]
1966;1729;0;798857.0;sticker/webp;;[];False;False;5c4174a89aef5c58;[];[Stiker]
1967;1729;11-50;798870.0;text;;['😌'];False;False;78bb5ecc66ccb40f;[];gw baru gantii nomor btw
1968;1729;1-10;798885.0;text;;[];True;False;5c4174a89aef5c58;[];ADA?
1969;1729;11-50;798887.0;text;;[];False;False;5c4174a89aef5c58;['78bb5ecc66ccb40f'];INTERNET MATI LAGI DI KOSAN
1970;1729;11-50;798896.0;text;;[];True;False;78bb5ecc66ccb40f;[];mau nitip apa ga?
1971;1729;11-50;798897.0;text;;[];False;False;5c4174a89aef5c58;[];CAPEK BANGET HARI INI ASLI
1972;1729;0;798902.0;sticker/webp;;[];False;False;5c4174a89aef5c58;[];[Stiker]
1973;1729;11-50;798904.0;text;;[];False;False;78bb5ecc66ccb40f;[];gw lg sibukkkk bgt mingguuuu iniiii
1974;1729;1-10;798904.0;text;;['😌'];False;False;78bb5ecc66ccb40f;[];hemmm
1975;1729;1-10;798912.0;text;;[];False;False;5c4174a89aef5c58;[];EH
1976;1729;11-50;798920.0;text;;[];False;False;78bb5ecc66ccb40f;[];dompet gw ketinggalan di rumah
1977;1729;11-50;798931.0;text;;[];False;False;78bb5ecc66ccb40f;[];gw lagi di atm sebentar
1978;1729;11-50;798933.0;text;;[];False;False;78bb5ecc66ccb40f;[];lu tim manaa dukungnya
1979;1729;1-10;798935.0;text;;[];False;False;5c4174a89aef5c58;[];OH
1980;1729;11-50;798944.0;text;;[];False;False;5c4174a89aef5c58;[];INTERNET MATI LAGI DI KOSAN
1981;1729;1-10;798947.0;text;;['😂'];False;False;78bb5ecc66ccb40f;[];gasssss
1982;1729;1-10;798948.0;text;;[];False;False;78bb5ecc66ccb40f;[];gassss
1983;1729;11-50;798957.0;text;;[];False;False;5c4174a89aef5c58;[];INTERNET MATI LAGI DI KOSAN
1984;1729;11-50;798965.0;text;;[];False;False;5c4174a89aef5c58;[];DOMPET GW KETINGGALAN DI RUMAH
1985;1729;11-50;798965.0;text;;['😌'];False;False;78bb5ecc66ccb40f;[];hp gw lowbat nihhh
1986;1729;11-50;798972.0;text;;[];False;False;78bb5ecc66ccb40f;[];capek banget hari ini asli
1987;1729;11-50;798979.0;text;;[];False;False;517d3fe8a4bacd58;[];dompet gw ketinggalan di rumah
1988;1729;0;798980.0;sticker/webp;;[];False;False;5c4174a89aef5c58;[];[Stiker]
1989;1729;11-50;798982.0;text;;[];False;False;5c4174a89aef5c58;[];NTAR GW KABARIN LAGI DEH
1990;1729;11-50;798999.0;text;;[];False;False;5c4174a89aef5c58;[];LU TIM MANA DUKUNGNYA
1991;1729;11-50;799011.0;text;;[];False;False;5c4174a89aef5c58;[];NTAR GW KABARIN LAGI DEH
1992;1729;11-50;799015.0;text;;[];False;False;5c4174a89aef5c58;[];HUJAN DERES GA BAWA PAYUNG
1993;1729;1-10;799025.0;text;;[];False;False;5c4174a89aef5c58;[];AH
1994;1729;11-50;799037.0;text;;[];False;False;5c4174a89aef5c58;[];WIFI KAMPUS LEMOT PARAH
1995;1729;11-50;799039.0;text;;[];False;False;5c4174a89aef5c58;[];CUACA HARI INI PANAS BANGET
1996;1729;11-50;799041.0;text;;[];True;False;5c4174a89aef5c58;[];BESOK LIBUR BUKAN SIH?
1997;1729;11-50;799056.0;text;;[];False;False;517d3fe8a4bacd58;[];ntar gw kabarin lagi deh
1998;1729;11-50;799072.0;text;;[];False;False;5c4174a89aef5c58;[];DOMPET GW KETINGGALAN DI RUMAH
1999;1729;11-50;799074.0;text;;[];False;False;517d3fe8a4bacd58;[];internet mati lagi di kosan
2000;1729;1-10;799074.0;text;;[];False;False;5c4174a89aef5c58;[];OKEY
2001;1729;1-10;799082.0;text;;[];True;False;517d3fe8a4bacd58;[];gk?
2002;1729;11-50;799087.0;text;;[];False;False;5c4174a89aef5c58;['875a798b5fe6ce5e'];BARU BANGUN NIH MASIH NGANTUK
2003;1729;11-50;799090.0;text;;[];False;False;517d3fe8a4bacd58;[];cuaca hari ini panas banget
2004;1729;11-50;799098.0;text;;[];True;False;517d3fe8a4bacd58;[];mau nitip apa ga?
2005;1729;11-50;799101.0;text;;[];False;False;5c4174a89aef5c58;['6269a7046147856a'];WIFI KAMPUS LEMOT PARAH
2006;1729;11-50;799120.0;text;;[];False;False;517d3fe8a4bacd58;[];lu tim mana dukungnya
2007;1729;11-50;799121.0;text;;[];False;False;517d3fe8a4bacd58;[];hujan deres ga bawa payung
2008;1729;11-50;799130.0;text;;[];False;False;5c4174a89aef5c58;[];GW BARU GANTI NOMOR BTW
2009;1729;11-50;799133.0;text;;[];False;False;5c4174a89aef5c58;[];CUACA HARI INI PANAS BANGET
2010;1729;1-10;799148.0;text;;[];False;False;904f898e44eb019b;[];gassss
2011;1729;1-10;799165.0;text;2006.0;[];False;False;5c4174a89aef5c58;[];GASSSS
2012;1729;11-50;799171.0;text;;[];False;False;5c4174a89aef5c58;[];INTERNET MATI LAGI DI KOSAN
2013;1729;1-10;799188.0;text;;[];False;False;517d3fe8a4bacd58;[];hem
2014;1729;11-50;799190.0;text;;[];False;False;517d3fe8a4bacd58;[];capek banget hari ini asli
2015;1729;11-50;799196.0;text;;[];False;False;517d3fe8a4bacd58;[];lu tim mana dukungnya
2016;1729;11-50;799198.0;text;;[];False;False;517d3fe8a4bacd58;[];ntar gw kabarin lagi deh
2017;1729;11-50;799199.0;text;;[];False;False;5c4174a89aef5c58;[];GW BARU GANTI NOMOR BTW
2018;1729;1-10;799200.0;text;;[];False;False;5c4174a89aef5c58;[];SIAPP
2019;1729;11-50;799202.0;text;;[];False;False;5c4174a89aef5c58;[];CHARGER HP GW RUSAK LAGI
2020;1729;11-50;799208.0;text;;[];False;False;517d3fe8a4bacd58;[];hujan deres ga bawa payung
2021;1729;11-50;799214.0;text;;[];False;False;517d3fe8a4bacd58;[];gw lagi di atm sebentar
2022;1729;1-10;799218.0;text;;[];False;False;5c4174a89aef5c58;[];GASSSS
2023;1729;11-50;799221.0;text;;[];False;False;517d3fe8a4bacd58;[];ntar gw kabarin lagi deh
2024;1729;1-10;799226.0;text;;[];False;False;5c4174a89aef5c58;[];OH
2025;1729;51-100;799229.0;text;;[];False;False;78bb5ecc66ccb40f;['bd6a8d8230a32725'];duit jajannnn gw abis padahal baru tanggal 15 harussss ngirit bangettt nih
2026;1729;11-50;799232.0;text;;[];True;False;5c4174a89aef5c58;[];BESOK LIBUR BUKAN SIH?
2027;1729;1-10;799241.0;text;;[];False;False;517d3fe8a4bacd58;[];okk
2028;1729;51-100;799249.0;text;;['😏'];False;False;78bb5ecc66ccb40f;['875a798b5fe6ce5e'];laptop gw mulai lemot nih kayaknya harus install ulang atauuu ganti rammmm
2029;1729;1-10;799426.0;text;;[];False;False;5c4174a89aef5c58;[];EH
2030;1729;1-10;799435.0;text;;[];False;False;5c4174a89aef5c58;[];EH
2031;1729;11-50;799440.0;text;;[];False;False;5c4174a89aef5c58;[];WIFI KAMPUS LEMOT PARAH
2032;1729;11-50;799441.0;text;;[];False;False;5c4174a89aef5c58;[];LU TIM MANA DUKUNGNYA
2033;1729;1-10;799451.0;text;;[];False;False;5c4174a89aef5c58;[];EH
2034;1729;1-10;799462.0;text;;[];False;False;517d3fe8a4bacd58;[];gassss
2035;1729;0;799463.0;sticker/webp;;[];False;False;5c4174a89aef5c58;[];[Stiker]
2036;1729;11-50;799467.0;text;;[];False;False;517d3fe8a4bacd58;[];wifi kampus lemot parah
2037;1729;11-50;799477.0;text;;[];False;False;517d3fe8a4bacd58;[];hp gw lowbat nih
2038;1729;1-10;799483.0;text;;[];False;False;5c4174a89aef5c58;[];EH
2039;1729;1-10;799652.0;text;;[];False;False;5c4174a89aef5c58;[];OH
2040;1729;11-50;799720.0;text;;[];False;False;78bb5ecc66ccb40f;[];gw lagi di atmmmm sebentarrrr
2041;1729;0;800323.0;image/jpeg;;[];False;False;669b603e2fede363;[];[Foto]
2042;1729;11-50;800347.0;text;;[];False;False;517d3fe8a4bacd58;[];charger hp gw rusak lagi
2043;1729;1-10;800381.0;text;;['😌', '😏'];False;False;78bb5ecc66ccb40f;[];yoii
2044;1729;0;800390.0;sticker/webp;;[];False;False;5c4174a89aef5c58;[];[Stiker]
2045;1729;0;800892.0;sticker/webp;;[];False;False;78bb5ecc66ccb40f;[];[Stiker]
2046;1729;0;800951.0;sticker/webp;;[];False;False;5c4174a89aef5c58;[];[Stiker]
2047;1729;11-50;801726.0;text;;[];False;False;15357a396c545b41;[];gw baru ganti nomor,,, btw
2048;1729;11-50;801754.0;text;;[];False;False;15357a396c545b41;[];gw baru ganti nomor btw
2049;1730;0;804026.0;video/mp4;;[];False;False;6cb7fd8d86a729e1;[];[Video]
2050;1730;1-10;804987.0;text;;[];False;False;5c4174a89aef5c58;[];IYAA
2051;1730;1-10;804992.0;text;;[];False;False;5c4174a89aef5c58;[];SEEP
2052;1730;51-100;805290.0;text;;[];False;False;78bb5ecc66ccb40f;['758552ae48a9c576'];duittt jajan gw abissss padahal baru tanggallll 15 harus ngirit banget nihhh
2053;1730;11-50;805300.0;text;;[];False;False;78bb5ecc66ccb40f;[];cuacaaa hariiii inii panas banget
2054;1730;1-10;805305.0;text;;[];False;False;78bb5ecc66ccb40f;[];seepppp
2055;1730;11-50;805314.0;text;;[];True;False;78bb5ecc66ccb40f;[];bisaaaa jemput gw ga?
2056;1730;11-50;805325.0;text;;[];False;False;78bb5ecc66ccb40f;[];wifii kampus lemotttt parahhh
2057;1730;11-50;805337.0;text;;['😂'];False;False;78bb5ecc66ccb40f;[];dompetttt gw ketinggalan di rumahh
2058;1730;11-50;805363.0;text;;[];False;False;669b603e2fede363;[];gw lg siubk bgt minggu ni
2059;1730;11-50;805439.0;text;;[];False;False;78bb5ecc66ccb40f;[];wifi kampus lemot parahhh
2060;1730;11-50;805466.0;text;;[];False;False;78bb5ecc66ccb40f;[];ntarrr gw kabarin lagi deh
2061;1730;11-50;805476.0;text;;[];False;False;15357a396c545b41;[];gw lagi di atm sebentar
2062;1730;1-10;805476.0;text;;['😳'];False;False;669b603e2fede363;[];saipp
2063;1730;11-50;805485.0;text;;[];False;False;15357a396c545b41;[];baru bangun nih masih ngantuk
2064;1730;11-50;805487.0;text;;[];False;False;669b603e2fede363;[];lu tim mnaa dukungnya
2065;1730;11-50;805492.0;text;;[];False;False;15357a396c545b41;[];gw mau tidur dulu ya
2066;1730;1-10;805496.0;text;;[];False;False;669b603e2fede363;[];yoii
2067;1730;11-50;805500.0;text;;[];False;False;669b603e2fede363;[];gw baru ganti nomor btw
2068;1730;1-10;805508.0;text;2063.0;[];False;False;78bb5ecc66ccb40f;[];eh
2069;1730;11-50;805523.0;text;;[];False;False;15357a396c545b41;[];capek banget hari ini asli
2070;1730;51-100;805527.0;text;;[];False;False;78bb5ecc66ccb40f;[];duit jajannnn gw abis padahalll baru tanggall 15 harus ngirit banget nihh
2071;1730;11-50;805534.0;text;;[];False;False;517d3fe8a4bacd58;[];baru bangun nih masih ngantuk
2072;1730;11-50;805537.0;text;;[];False;False;78bb5ecc66ccb40f;[];bentar ya gw lg di jalan
2073;1730;1-10;805547.0;text;;[];False;False;78bb5ecc66ccb40f;[];eh
2074;1730;11-50;805548.0;text;;[];False;False;517d3fe8a4bacd58;[];charger hp gw rusak lagi
2075;1730;11-50;805553.0;text;;[];False;False;517d3fe8a4bacd58;[];hujan deres ga bawa payung
2076;1730;11-50;805559.0;text;;[];False;False;78bb5ecc66ccb40f;[];wifi kampussss lemot parah
2077;1730;11-50;805560.0;text;;[];False;False;78bb5ecc66ccb40f;[];gw baruu ganti nomor btwwww
2078;1730;11-50;805569.0;text;;[];True;False;78bb5ecc66ccb40f;[];besok libur bukan sih?
2079;1730;11-50;805588.0;text;;[];False;False;78bb5ecc66ccb40f;[];ntar gw kabarin lagi dehhhh
2080;1730;11-50;805618.0;text;;[];False;False;15357a396c545b41;[];lu tim mana dukungnya,,,
2081;1730;1-10;805624.0;text;;[];False;False;78bb5ecc66ccb40f;[];hem
2082;1730;11-50;805627.0;text;;[];False;False;78bb5ecc66ccb40f;[];gw mauuuu tidur dulu ya
2083;1730;11-50;805631.0;text;;[];False;False;78bb5ecc66ccb40f;[];dompet gw ketinggalan di rumahhhh
2084;1730;0;805699.0;sticker/webp;;[];False;False;517d3fe8a4bacd58;[];[Stiker]
2085;1730;1-10;805714.0;text;2084.0;[];False;False;5c4174a89aef5c58;[];IYAA
2086;1730;11-50;805728.0;text;;[];False;False;5c4174a89aef5c58;[];GW LAGI DI ATM SEBENTAR
2087;1730;1-10;805794.0;text;;['☺'];False;False;517d3fe8a4bacd58;[];siapp
2088;1730;0;805811.0;sticker/webp;;[];False;False;517d3fe8a4bacd58;[];[Stiker]
2089;1730;1-10;805845.0;text;;['🥰'];False;False;78bb5ecc66ccb40f;[];gassssss
2090;1730;1-10;806045.0;text;;[];False;False;758552ae48a9c576;[];Oh.
2091;1730;11-50;806060.0;text;;[];False;False;758552ae48a9c576;[];Hp gw lowbat nih.
2092;1730;11-50;806081.0;text;;[];True;False;5c4174a89aef5c58;['78bb5ecc66ccb40f'];MAU NITIP APA GA?
2093;1730;1-10;806112.0;text;2092.0;[];False;False;78bb5ecc66ccb40f;[];seep
2094;1730;11-50;806113.0;text;;[];False;False;78bb5ecc66ccb40f;[];gw baru ganti nomor btw
2095;1730;1-10;806118.0;text;;[];False;False;5c4174a89aef5c58;[];OKEY
2096;1730;1-10;806123.0;text;;['😘'];False;False;5c4174a89aef5c58;[];OKK
2097;1730;1-10;806129.0;text;;[];True;False;5c4174a89aef5c58;[];MW?
2098;1730;51-100;806177.0;text;;[];False;False;78bb5ecc66ccb40f;[];tadi gw antrii di administrasii kampus 2 jamm cumaaa buatt ngurussss surat
2099;1730;1-10;806243.0;text;;[];False;False;517d3fe8a4bacd58;[];okk
2100;1730;11-50;806250.0;text;;[];False;False;517d3fe8a4bacd58;[];dompet gw ketinggalan di rumah
2101;1730;0;806255.0;sticker/webp;;[];False;False;517d3fe8a4bacd58;[];[Stiker]
2102;1730;11-50;806290.0;text;;[];False;False;5c4174a89aef5c58;['517d3fe8a4bacd58'];INTERNET MATI LAGI DI KOSAN
2103;1730;11-50;806292.0;text;;[];False;False;5c4174a89aef5c58;[];NTAR GW KABARIN LAGI DEH
2104;1730;1-10;806294.0;text;;[];False;False;5c4174a89aef5c58;[];AH
2105;1730;11-50;806300.0;text;;[];False;False;5c4174a89aef5c58;[];DOMPET GW KETINGGALAN DI RUMAH
2106;1730;0;806409.0;sticker/webp;;[];False;False;517d3fe8a4bacd58;[];[Stiker]
2107;1730;0;806412.0;sticker/webp;;[];False;False;517d3fe8a4bacd58;[];[Stiker]
2108;1730;0;806415.0;sticker/webp;;[];False;False;517d3fe8a4bacd58;[];[Stiker]
2109;1730;11-50;807616.0;text;2101.0;[];False;False;78bb5ecc66ccb40f;[];dompet gw ketinggalan di rumah
2110;1730;1-10;808058.0;text;;['🤣'];False;False;669b603e2fede363;[];okey
2111;1730;11-50;808097.0;text;;[];False;False;5c4174a89aef5c58;[];LU TIM MANA DUKUNGNYA
2112;1730;1-10;808099.0;text;;[];False;False;5c4174a89aef5c58;[];GASSSS
2113;1730;51-100;808652.0;text;;[];False;False;78bb5ecc66ccb40f;[];gw seneng banget akhirnya bisa ketemu temen temen lama setelahh lama ga
2114;1730;1-10;808681.0;text;;[];False;False;5c4174a89aef5c58;[];OH
2115;1730;11-50;808690.0;text;;[];False;False;517d3fe8a4bacd58;[];gw lg sibuk bgt minggu ini
2116;1730;11-50;808708.0;text;;[];False;False;5c4174a89aef5c58;[];GW LG SIBUK BGT MINGGU INI
2117;1730;51-100;808722.0;text;;[];False;False;5c4174a89aef5c58;[];DUIT JAJAN GW ABIS PADAHAL BARU TANGGAL 15 HARUS NGIRIT BANGET NIH
2118;1730;11-50;808802.0;text;;['💪'];False;False;78bb5ecc66ccb40f;[];charger hp gw rusakkk lagi
2119;1730;11-50;808815.0;text;2117.0;[];True;False;78bb5ecc66ccb40f;[];besok libur bukan sih?
2120;1730;1-10;808818.0;text;;['👀'];False;False;78bb5ecc66ccb40f;[];gassss
2121;1730;1-10;808921.0;text;;[];False;False;5c4174a89aef5c58;[];AH
2122;1730;0;808928.0;sticker/webp;;[];False;False;5c4174a89aef5c58;[];[Stiker]
2123;1731;1-10;811284.0;text;;[];False;False;5c4174a89aef5c58;[];SEEP
2124;1731;0;811311.0;sticker/webp;;[];False;False;517d3fe8a4bacd58;[];[Stiker]
2125;1731;0;811312.0;sticker/webp;;[];False;False;517d3fe8a4bacd58;[];[Stiker]
2126;1731;0;811312.0;sticker/webp;;[];False;False;517d3fe8a4bacd58;[];[Stiker]
2127;1731;0;811316.0;sticker/webp;;[];False;False;517d3fe8a4bacd58;[];[Stiker]
2128;1731;0;811413.0;sticker/webp;;[];False;False;5c4174a89aef5c58;[];[Stiker]
2129;1731;51-100;816640.0;text;;[];True;False;78bb5ecc66ccb40f;['875a798b5fe6ce5e'];kenapaaa ya akhir akhir ini gw susahhhh banget tidurrr padahal capek?
2130;1732;11-50;845686.0;image/jpeg;;[];False;False;6cb7fd8d86a729e1;[];[Foto]
2131;1732;1-10;851703.0;text;;[];False;False;6cb7fd8d86a729e1;[];ngab
2132;1732;51-100;851711.0;text;;[];True;False;6cb7fd8d86a729e1;[];ada yang tau kenapa kantin kampus tutup lebih awal hari ini ga sih?
2133;1732;51-100;851738.0;text;;[];True;False;6cb7fd8d86a729e1;[];ada yang tau kenapa kantin kampus tutup lebih awal hari ini ga sih?
2134;1732;11-50;851805.0;text;;[];False;False;6cb7fd8d86a729e1;[];kopi susu yg biasa ya
2135;1732;11-50;851813.0;text;;['😂'];False;False;6cb7fd8d86a729e1;[];masak sendiri lebih hemat sih
2136;1732;11-50;851875.0;text;;[];False;False;6cb7fd8d86a729e1;[];masak sendiri lebih hemat sih
2137;1732;1-10;851886.0;text;;['😭'];False;False;6cb7fd8d86a729e1;[];sis
2138;1732;0;851946.0;sticker/webp;;[];False;False;5c4174a89aef5c58;[];[Stiker]
2139;1732;11-50;852071.0;text;;[];False;False;6cb7fd8d86a729e1;[];sarapan dulu baru mikir
2140;1732;1-10;852157.0;text;;[];True;False;78bb5ecc66ccb40f;[];serius?
2141;1732;11-50;852164.0;text;;[];False;False;78bb5ecc66ccb40f;[];tadi gw makan nasi padang
2142;1732;11-50;852228.0;text;;[];False;False;78bb5ecc66ccb40f;[];sarapannn duluuu baruuu mikir
2143;1732;1-10;852237.0;text;;[];True;False;78bb5ecc66ccb40f;[];yakin?
2144;1732;0;852307.0;audio;;[];False;False;6cb7fd8d86a729e1;[];[Voice Note]
2145;1732;11-50;852395.0;text;;[];False;False;7cd05039751c8a39;[];kopi susu yg biasa ya
2146;1732;11-50;852406.0;text;;[];False;False;7cd05039751c8a39;[];porsi makan gw nambah terus
2147;1732;51-100;852500.0;text;;[];False;False;78bb5ecc66ccb40f;[];dompet gw ilangggg kemarin di angkot tapi alhamdulillah adaa yanggg nemuinn
2148;1732;11-50;852511.0;text;;[];False;False;78bb5ecc66ccb40f;['758552ae48a9c576'];gw mau pesen gofood duluu
2149;1732;11-50;852534.0;text;;[];False;False;78bb5ecc66ccb40f;[];nongkronggg yukkkk di kafee biasa
2150;1732;1-10;852758.0;text;;[];False;False;758552ae48a9c576;[];Cuy.
2151;1732;11-50;852763.0;text;;[];False;False;758552ae48a9c576;[];Bakso malang itu buka ga ya.
2152;1732;11-50;852771.0;text;;[];False;False;758552ae48a9c576;[];Masak sendiri lebih hemat sih.
2153;1732;0;852771.0;sticker/webp;;[];False;False;5c4174a89aef5c58;[];[Stiker]
2154;1732;11-50;852776.0;text;;[];False;False;758552ae48a9c576;[];Tadi gw makan nasi padang.
2155;1732;11-50;852888.0;text;;[];True;False;6cb7fd8d86a729e1;[];itu beneran apa hoax?
2156;1732;11-50;853026.0;text;;[];False;False;6cb7fd8d86a729e1;[];tadi gw makan nasi padang
2157;1732;11-50;853043.0;text;;[];False;False;7cd05039751c8a39;[];nongkrong yuk di kafe biasa
2158;1732;11-50;853045.0;text;;[];False;False;7cd05039751c8a39;[];tadi gw makan nasi padang
2159;1732;11-50;853046.0;text;;[];False;False;7cd05039751c8a39;[];gw mau nyoba restoran baru
2160;1732;0;853217.0;sticker/webp;;[];False;False;6cb7fd8d86a729e1;[];[Stiker]
2161;1732;11-50;853236.0;text;;[];False;False;6cb7fd8d86a729e1;[];indomie telor udah cukup kok
2162;1732;1-10;853290.0;text;;['😂'];False;False;78bb5ecc66ccb40f;[];yep
2163;1733;11-50;857355.0;text;;[];True;False;7cd05039751c8a39;[];besok libur bukan sih?
2164;1733;11-50;857367.0;text;;[];False;False;7cd05039751c8a39;['9678f75a4fb4c347', '6269a7046147856a', '15357a396c545b41'];gw lg di atm btr
2165;1733;11-50;857834.0;text;;[];False;False;9678f75a4fb4c347;[];hujan deres ga bawa payung
2166;1733;51-100;857842.0;text;;[];False;False;9678f75a4fb4c347;[];gw lagi dengerin podcast tentang psikologi, lumayan buat nambah wawasan
2167;1733;1-10;858262.0;text;2164.0;[];False;False;6269a7046147856a;[];okey
2168;1733;51-100;858281.0;text;;[];False;False;6269a7046147856a;[];gw lagi dengerin podcastttt tentanggg psikologi, lumayannnn buatttt nambah wawasan
2169;1733;11-50;858310.0;text;;[];False;False;6269a7046147856a;[];bentar ya gw lg di jalannnn
2170;1733;11-50;858345.0;text;;[];False;False;9678f75a4fb4c347;[];hp gw lowbat nih
2171;1733;1-10;858397.0;text;;[];False;False;6269a7046147856a;[];gassss
2172;1733;11-50;858436.0;text;;[];False;False;6269a7046147856a;[];ntarr gw kabarin lagi deh
2173;1733;11-50;858438.0;text;;[];False;True;6269a7046147856a;[];sakit hati gw dengernya!
2174;1733;101-500;858491.0;text;;[];False;False;6269a7046147856a;['7cd05039751c8a39'];rencanaaaa liburan semesterrr inii gw mauuu roaddd trippp samaaa temen temen ke jogja. kita udahh patungann buat sewa mobilll dann booking penginapannnn murah di daerahhh malioboro. itinerary nya udah gw bikinnn detaillll dari hariiii pertama sampe hari ketiga. tinggallll eksekusi aja nihhhh semoga cuaca mendukung dan ga adaaa halangan
2175;1733;11-50;859035.0;text;;[];False;False;7cd05039751c8a39;[];lu tim mana dukungnya
2176;1733;11-50;859040.0;text;;[];False;False;7cd05039751c8a39;[];internet mati lg di kosan
2177;1733;11-50;859107.0;text;;[];False;False;6269a7046147856a;[];bentar ya gw lg di jalann
2178;1733;1-10;859117.0;text;;['👍🏻'];False;False;7cd05039751c8a39;[];gassss
2179;1733;11-50;859123.0;text;;['🤣'];False;False;6269a7046147856a;[];bentar ya gw lg di jalann
2180;1733;1-10;859131.0;text;;['😝'];False;False;6269a7046147856a;[];okey
2181;1733;1-10;859132.0;text;;[];False;False;7cd05039751c8a39;[];okey
2182;1733;1-10;859133.0;text;;['🤣'];False;False;6269a7046147856a;[];eh
2183;1733;11-50;859406.0;text;;[];False;False;7cd05039751c8a39;[];dompet gw ketinggalan di rumah
2184;1733;11-50;859409.0;text;;[];False;False;7cd05039751c8a39;[];wifi kampus lemot parah
2185;1733;11-50;859445.0;text;;[];False;False;15357a396c545b41;[];gw lagi di atm,,, sebentar
2186;1733;11-50;859489.0;text;;[];False;False;15357a396c545b41;[];cuaca hari ini panas,,, banget
2187;1733;0;859560.0;sticker/webp;;[];False;False;5c4174a89aef5c58;[];[Stiker]
2188;1733;11-50;859747.0;text;;[];False;False;904f898e44eb019b;[];charger hp gw rusak lagi
2189;1733;0;859752.0;sticker/webp;;[];False;False;904f898e44eb019b;[];[Stiker]
2190;1733;11-50;859824.0;text;;[];False;False;7cd05039751c8a39;[];gw lg sibuk bgt minggu ni
2191;1733;1-10;859832.0;text;;['💪🏻'];False;False;7cd05039751c8a39;[];ah
2192;1733;11-50;859840.0;text;;[];False;False;7cd05039751c8a39;[];internet mati lg di kosan
2193;1734;11-50;865798.0;text;;[];False;False;6cb7fd8d86a729e1;['758552ae48a9c576'];badminton yuk sore ini
2194;1734;11-50;865804.0;text;;[];True;False;6cb7fd8d86a729e1;[];masih bangun ga lu jam segini?
2195;1734;11-50;865810.0;text;;[];True;False;6cb7fd8d86a729e1;[];masih bangun ga lu jam segini?
2196;1734;11-50;865817.0;text;;[];True;False;6cb7fd8d86a729e1;[];masih bangun ga lu jam segini?
2197;1734;11-50;865826.0;text;;[];False;False;6cb7fd8d86a729e1;[];gym hari ini skip deh
2198;1734;11-50;865864.0;text;;[];False;False;758552ae48a9c576;[];Series itu endingnya zonk bgt.
2199;1734;11-50;865876.0;text;;[];False;False;758552ae48a9c576;[];Podcast yg lu rekomen mana.
2200;1734;1-10;865897.0;text;;[];False;False;6cb7fd8d86a729e1;[];kuy
2201;1734;11-50;865907.0;text;;[];False;False;6cb7fd8d86a729e1;[];manga terbaru udah keluar loh
2202;1734;1-10;865909.0;text;;['😂'];False;False;6cb7fd8d86a729e1;[];njir
2203;1734;11-50;865912.0;text;;[];False;False;6cb7fd8d86a729e1;[];gw abis lari pagi tadi
2204;1734;11-50;865912.0;text;;[];False;False;758552ae48a9c576;[];Manga terbaru udah keluar loh.
2205;1734;11-50;865922.0;text;;[];False;False;758552ae48a9c576;[];Pertandingan bola tadi malam gila.
2206;1734;1-10;865923.0;text;;[];False;False;6cb7fd8d86a729e1;[];hoki
2207;1734;1-10;865927.0;text;;[];False;False;6cb7fd8d86a729e1;[];kuy
2208;1734;11-50;865927.0;text;;[];False;False;758552ae48a9c576;[];Series itu endingnya zonk bgt.
2209;1734;11-50;865934.0;text;;[];False;False;758552ae48a9c576;[];Series itu endingnya zonk bgt.
2210;1734;11-50;865937.0;text;;[];False;False;6cb7fd8d86a729e1;[];gw abis lari pagi tadi
2211;1734;11-50;865945.0;text;;[];False;False;758552ae48a9c576;[];Album baru dia enak banget.
2212;1734;11-50;865953.0;text;;[];False;False;758552ae48a9c576;[];Futsal besok jadi ga.
2213;1734;1-10;865964.0;text;;[];False;False;6cb7fd8d86a729e1;[];jir
2214;1734;11-50;866787.0;text;;[];True;False;78bb5ecc66ccb40f;[];booking duluan apaaa langsung aja?
2215;1734;11-50;866811.0;text;;[];False;False;6cb7fd8d86a729e1;[];game baru udah download belum
2216;1734;11-50;866811.0;text;;[];False;False;6cb7fd8d86a729e1;[];futsal besok jadi ga
2217;1734;1-10;866813.0;text;;[];False;False;6cb7fd8d86a729e1;[];kuy
2218;1734;11-50;866975.0;text;;[];False;False;78bb5ecc66ccb40f;[];gw lagi baca novel baru nih
2219;1734;1-10;866982.0;text;;['😂'];False;False;78bb5ecc66ccb40f;[];kuy
2220;1734;11-50;867040.0;text;;[];False;False;78bb5ecc66ccb40f;[];album baru dia enak banget
2221;1734;51-100;867041.0;text;;['😂'];False;False;78bb5ecc66ccb40f;[];gw baruuuu dapetttt info beasiswaaa buattt semesterrrr depan mauuuu coba daftar deh
2222;1734;1-10;867047.0;text;;[];False;False;78bb5ecc66ccb40f;[];kuy
2223;1734;1-10;867064.0;text;;['😭'];False;False;669b603e2fede363;[];zonk
2224;1734;11-50;867074.0;text;;[];True;False;669b603e2fede363;[];msh bangun ga lu jam segini?
2225;1734;11-50;867170.0;text;;[];False;False;5c4174a89aef5c58;[];GW ABIS LARI PAGI TADI
2226;1734;11-50;867322.0;text;;[];False;False;fa349f0a7e6afa78;[];game baru udah download belum!!!
2227;1734;1-10;867327.0;text;;[];False;False;fa349f0a7e6afa78;[];jir!!
2228;1734;1-10;867340.0;text;;['😂'];False;False;fa349f0a7e6afa78;[];btw!!
2229;1734;11-50;867459.0;text;;[];False;False;78bb5ecc66ccb40f;[];mangaaa terbaruu udahhhh keluarr loh
2230;1734;11-50;867475.0;text;;[];False;False;78bb5ecc66ccb40f;[];album baru diaa enak bangett
2231;1734;1-10;867497.0;text;;[];False;False;669b603e2fede363;[];btee
2232;1734;11-50;867500.0;text;;[];False;False;669b603e2fede363;[];gw abis lari pagi taid
2233;1734;11-50;867501.0;text;;[];False;False;669b603e2fede363;[];gw abis lari pagi tadi
2234;1734;1-10;867505.0;text;;[];False;False;669b603e2fede363;[];bete
2235;1734;11-50;867508.0;text;;[];False;False;669b603e2fede363;[];gw lg baca novel brau nih
2236;1734;11-50;867626.0;text;;[];False;False;6cb7fd8d86a729e1;[];gw lagi baca novel baru nih
2237;1734;1-10;867628.0;text;;[];False;False;6cb7fd8d86a729e1;[];dih
2238;1734;11-50;867695.0;text;;[];True;False;5c4174a89aef5c58;[];ADA SINYAL GA DISITU?
2239;1734;11-50;867964.0;text;;[];False;False;6cb7fd8d86a729e1;[];gw lagi baca novel baru nih
2240;1734;11-50;868015.0;text;;[];False;False;669b603e2fede363;[];konser tu mahal bgt tiketnya
2241;1734;0;868053.0;sticker/webp;;[];False;False;6cb7fd8d86a729e1;[];[Stiker]
2242;1734;1-10;868181.0;text;;['😂'];False;False;78bb5ecc66ccb40f;[];hoki
2243;1734;11-50;868459.0;text;;[];False;False;78bb5ecc66ccb40f;[];gw abissss lariiii pagiii tadiiii
2244;1734;0;868477.0;sticker/webp;2235.0;[];False;False;78bb5ecc66ccb40f;[];[Stiker]
2245;1734;1-10;868484.0;text;2234.0;['🥰', '😍'];False;False;78bb5ecc66ccb40f;[];zonk
2246;1734;11-50;868489.0;text;;[];True;False;7cd05039751c8a39;[];ad sinyal ga disitu?
2247;1734;1-10;868501.0;text;;[];False;False;78bb5ecc66ccb40f;[];dihhhh
2248;1734;11-50;868532.0;text;;[];False;False;78bb5ecc66ccb40f;[];pertandingan bolaaa tadi malam gila
2249;1734;1-10;868768.0;text;;[];True;False;669b603e2fede363;[];jd?
2250;1734;0;868772.0;image/jpeg;;[];False;False;669b603e2fede363;[];[Foto]
2251;1734;1-10;868852.0;text;;[];False;False;669b603e2fede363;[];kuy
2252;1734;0;868870.0;sticker/webp;;[];False;False;669b603e2fede363;[];[Stiker]
2253;1734;11-50;868885.0;text;;[];False;False;7cd05039751c8a39;[];series tu endingnya zonk bgt
2254;1734;1-10;868920.0;text;;['🤣'];False;False;6269a7046147856a;[];dih
2255;1734;0;869070.0;sticker/webp;;[];False;False;78bb5ecc66ccb40f;[];[Stiker]
2256;1734;11-50;869077.0;text;;[];True;False;78bb5ecc66ccb40f;[];booking duluan apa langsung aja?
2257;1734;11-50;869085.0;text;;[];False;False;78bb5ecc66ccb40f;[];gymmmm hari ini skip deh
2258;1734;1-10;869120.0;text;;[];False;False;7cd05039751c8a39;[];oot
2259;1734;11-50;869152.0;text;;[];True;False;78bb5ecc66ccb40f;[];booking duluan apaa langsung aja?
2260;1734;11-50;869171.0;text;;[];False;False;904f898e44eb019b;[];futsal besok jadi ga
2261;1734;1-10;869181.0;text;;[];False;False;904f898e44eb019b;[];njir
2262;1734;11-50;869189.0;text;;[];True;False;6269a7046147856a;[];booking duluan apa langsung aja?
2263;1734;51-100;869238.0;text;;[];False;False;78bb5ecc66ccb40f;[];gw harus gantiii strategi belajarrr sih soalnya nilai uts kemarinnnn jelek bgt
2264;1734;11-50;869262.0;text;;[];False;False;669b603e2fede363;[];gym hari ni sikp deh
2265;1734;11-50;869266.0;text;;[];False;False;669b603e2fede363;[];gw abis lari pagi tdai
2266;1734;11-50;869267.0;text;;[];False;False;669b603e2fede363;[];sereis tu endingnya zonk bgt
2267;1734;0;869276.0;sticker/webp;;[];False;False;669b603e2fede363;[];[Stiker]
2268;1734;1-10;869498.0;text;;['🤣'];False;False;6269a7046147856a;[];jir
2269;1734;11-50;870101.0;text;;[];False;False;6cb7fd8d86a729e1;[];gw abis lari pagi tadi
2270;1734;11-50;870104.0;text;;[];True;False;6cb7fd8d86a729e1;[];masih bangun ga lu jam segini?
2271;1734;1-10;870168.0;text;;[];False;False;5c4174a89aef5c58;[];ZONK
2272;1734;1-10;870208.0;text;;[];False;False;6cb7fd8d86a729e1;[];jir
2273;1734;11-50;870272.0;text;;[];False;False;5c4174a89aef5c58;[];BADMINTON YUK SORE INI
2274;1734;11-50;870283.0;text;;[];False;False;5c4174a89aef5c58;[];GW ABIS LARI PAGI TADI
2275;1734;1-10;870441.0;text;;[];True;False;6cb7fd8d86a729e1;[];gitu?
2276;1734;11-50;870444.0;text;;[];False;False;6cb7fd8d86a729e1;[];album baru dia enak banget
2277;1734;1-10;870599.0;text;;[];False;False;904f898e44eb019b;[];hoki
2278;1734;1-10;870604.0;text;;[];False;False;904f898e44eb019b;[];jir
2279;1734;11-50;870813.0;text;;[];True;False;669b603e2fede363;[];booikng duluan apa langsung aj?a
2280;1734;11-50;870817.0;text;;[];False;False;669b603e2fede363;[];futsal besok jadi ga
2281;1734;11-50;871106.0;text;;[];True;False;904f898e44eb019b;[];tadi ngomong apa sih dosennya?
2282;1734;1-10;871285.0;text;;[];False;False;904f898e44eb019b;[];bete
2283;1734;11-50;871300.0;text;;[];False;False;5c4174a89aef5c58;[];GW ABIS LARI PAGI TADI
2284;1734;1-10;871346.0;text;;[];False;False;904f898e44eb019b;[];fyi
2285;1734;0;871357.0;sticker/webp;;[];False;False;904f898e44eb019b;[];[Stiker]
2286;1734;0;871362.0;sticker/webp;;[];False;False;5c4174a89aef5c58;[];[Stiker]
2287;1734;0;871364.0;sticker/webp;;[];False;False;5c4174a89aef5c58;[];[Stiker]
2288;1734;0;871364.0;sticker/webp;;[];False;False;5c4174a89aef5c58;[];[Stiker]
2289;1734;0;871365.0;sticker/webp;;[];False;False;5c4174a89aef5c58;[];[Stiker]
2290;1734;0;871371.0;sticker/webp;;[];False;False;5c4174a89aef5c58;[];[Stiker]
2291;1734;0;871380.0;sticker/webp;;[];False;False;5c4174a89aef5c58;[];[Stiker]
2292;1734;0;871380.0;sticker/webp;;[];False;False;5c4174a89aef5c58;[];[Stiker]
2293;1734;0;871382.0;sticker/webp;;[];False;False;5c4174a89aef5c58;[];[Stiker]
2294;1734;0;871399.0;sticker/webp;;[];False;False;669b603e2fede363;[];[Stiker]
2295;1734;11-50;871408.0;text;;[];False;False;669b603e2fede363;[];badminton yuk sore ni
2296;1734;0;871424.0;sticker/webp;;[];False;False;669b603e2fede363;[];[Stiker]
2297;1734;0;871424.0;sticker/webp;;[];False;False;5c4174a89aef5c58;[];[Stiker]
2298;1734;0;871449.0;sticker/webp;;[];False;False;5c4174a89aef5c58;[];[Stiker]
2299;1734;0;871449.0;sticker/webp;;[];False;False;7cd05039751c8a39;[];[Stiker]
2300;1734;0;871449.0;sticker/webp;;[];False;False;5c4174a89aef5c58;[];[Stiker]
2301;1734;0;871451.0;sticker/webp;;[];False;False;5c4174a89aef5c58;[];[Stiker]
2302;1734;0;871453.0;sticker/webp;;[];False;False;5c4174a89aef5c58;[];[Stiker]
2303;1734;11-50;871457.0;text;;[];False;False;5c4174a89aef5c58;[];GW LAGI BACA NOVEL BARU NIH
2304;1734;11-50;871465.0;text;;[];False;False;7cd05039751c8a39;[];game baru udah download blm
2305;1734;11-50;871468.0;text;;[];True;False;7cd05039751c8a39;[];booking duluan apa langsung aja?
2306;1734;11-50;871479.0;text;;[];False;False;5c4174a89aef5c58;[];ALBUM BARU DIA ENAK BANGET
2307;1734;11-50;871479.0;text;;[];False;False;5c4174a89aef5c58;[];MANGA TERBARU UDAH KELUAR LOH
2308;1734;0;871501.0;sticker/webp;;[];False;False;5c4174a89aef5c58;[];[Stiker]
2309;1734;0;871593.0;sticker/webp;;[];False;False;904f898e44eb019b;[];[Stiker]
2310;1734;11-50;871595.0;text;;[];False;False;904f898e44eb019b;[];game baru udah download belum
2311;1734;0;871607.0;sticker/webp;;[];False;False;5c4174a89aef5c58;[];[Stiker]
2312;1734;11-50;871608.0;text;;[];False;False;904f898e44eb019b;[];gw lagi baca novel baru nih
2313;1734;0;871620.0;sticker/webp;;[];False;False;904f898e44eb019b;[];[Stiker]
2314;1734;0;871932.0;sticker/webp;;[];False;False;904f898e44eb019b;[];[Stiker]
2315;1734;51-100;872552.0;text;;[];True;False;6cb7fd8d86a729e1;[];kira kira kalo gw apply magang sekarang masih keburu ga ya?
2316;1734;11-50;872575.0;text;;[];False;False;904f898e44eb019b;[];manga terbaru udah keluar loh
2317;1734;11-50;872575.0;text;;[];False;False;7cd05039751c8a39;[];series tu endingnya zonk bgt
2318;1734;11-50;872576.0;text;;[];False;False;904f898e44eb019b;[];gw lagi baca novel baru nih...
2319;1734;0;872609.0;sticker/webp;;[];False;False;669b603e2fede363;[];[Stiker]
2320;1734;1-10;872647.0;text;;[];False;False;5c4174a89aef5c58;[];OOT
2321;1734;0;872662.0;sticker/webp;;[];False;False;5c4174a89aef5c58;[];[Stiker]
2322;1734;11-50;872719.0;text;;[];False;False;6cb7fd8d86a729e1;[];gw lagi baca novel baru nih
2323;1734;1-10;873233.0;text;;[];False;False;669b603e2fede363;[];njir
2324;1734;11-50;873350.0;text;;[];True;False;904f898e44eb019b;[];booking duluan apa langsung aja?
2325;1734;11-50;873353.0;text;;[];False;False;904f898e44eb019b;[];podcast yg lu rekomen mana
2326;1734;0;873357.0;sticker/webp;;[];False;False;904f898e44eb019b;[];[Stiker]
2327;1735;0;874216.0;image/jpeg;;[];False;False;517d3fe8a4bacd58;[];[Foto]
2328;1735;11-50;874280.0;text;;[];False;False;7cd05039751c8a39;[];gw baru ganti nomor btw
2329;1735;11-50;874291.0;text;;[];False;False;7cd05039751c8a39;[];cuaca hari ni panas bgt
2330;1735;11-50;874318.0;text;;[];False;False;904f898e44eb019b;[];cuaca hari ini panas banget
2331;1735;1-10;874354.0;text;;[];False;False;7cd05039751c8a39;[];yess
2332;1735;1-10;874472.0;text;;['🔥'];False;False;6269a7046147856a;[];yess
2333;1735;51-100;874836.0;text;;['😂'];False;False;9678f75a4fb4c347;[];duit jajan gw abis padahal baru tanggal 15 harus ngirit banget nih
2334;1735;0;874965.0;sticker/webp;;[];False;False;7cd05039751c8a39;[];[Stiker]
2335;1735;11-50;874980.0;text;;[];False;False;9678f75a4fb4c347;[];ntar gw kabarin lagi deh
2336;1735;11-50;876131.0;text;;[];True;False;5c4174a89aef5c58;[];BISA JEMPUT GW GA?
2337;1735;11-50;876153.0;text;;[];False;False;5c4174a89aef5c58;[];BARU BANGUN NIH MASIH NGANTUK
2338;1735;11-50;876155.0;text;;[];False;False;5c4174a89aef5c58;[];CAPEK BANGET HARI INI ASLI
2339;1735;0;876171.0;sticker/webp;;[];False;False;5c4174a89aef5c58;[];[Stiker]
2340;1735;11-50;876201.0;text;;[];False;False;bd6a8d8230a32725;[];dompet gw ketinggalan di... rumah
2341;1736;11-50;881601.0;text;;[];False;False;517d3fe8a4bacd58;[];gw nyari parkir dulu bentar
2342;1736;11-50;881611.0;text;;[];False;False;517d3fe8a4bacd58;[];ketemuan di mall jam 3 ya
2343;1736;11-50;881641.0;text;;[];False;False;6cb7fd8d86a729e1;[];gw lagi di warkop nih
2344;1736;0;881843.0;sticker/webp;;[];False;False;5c4174a89aef5c58;[];[Stiker]
2345;1736;11-50;882054.0;text;;[];False;False;7cd05039751c8a39;[];gw udah di parkiran nih
2346;1737;0;891297.0;image/jpeg;;[];False;False;5c4174a89aef5c58;[];[Foto]
2347;1737;1-10;891299.0;text;;[];False;False;5c4174a89aef5c58;[];HAHA
2348;1737;1-10;891382.0;text;;[];False;False;6cb7fd8d86a729e1;[];siap
2349;1737;11-50;891394.0;text;;[];False;False;6cb7fd8d86a729e1;[];matkul ini susah banget
2350;1737;11-50;891399.0;text;;[];False;False;5c4174a89aef5c58;[];DOSEN GW GALAK BANGET SIH
2351;1737;0;891407.0;sticker/webp;;[];False;False;6cb7fd8d86a729e1;[];[Stiker]
2352;1737;11-50;891410.0;text;;[];False;False;5c4174a89aef5c58;[];LAB KOMPUTER PENUH TERUS
2353;1737;1-10;891429.0;text;;['🇦🇷'];False;False;6cb7fd8d86a729e1;[];hehe
2354;1737;1-10;891443.0;text;;[];False;False;6cb7fd8d86a729e1;[];siap
2355;1737;0;891496.0;unknown;;[];False;False;5c4174a89aef5c58;[];[Media tidak dikenal]
2356;1737;1-10;891506.0;text;;[];False;False;5c4174a89aef5c58;[];WKWK
2357;1737;1-10;891523.0;text;;[];False;False;6cb7fd8d86a729e1;[];yuk
2358;1737;11-50;891531.0;text;;[];False;False;5c4174a89aef5c58;[];TADI ABSEN GA SIH KAMU
2359;1737;1-10;891538.0;text;;['🌚'];False;False;6cb7fd8d86a729e1;[];iya
2360;1737;1-10;891538.0;text;;[];False;False;5c4174a89aef5c58;[];SIAP
2361;1737;0;891541.0;sticker/webp;;[];False;False;5c4174a89aef5c58;[];[Stiker]
2362;1737;1-10;891542.0;text;;[];False;False;6cb7fd8d86a729e1;[];oke
2363;1737;11-50;891554.0;text;;[];False;False;5c4174a89aef5c58;[];IPK GW TURUN SEMESTER INI
2364;1737;1-10;891560.0;text;;[];False;False;5c4174a89aef5c58;[];YUK
2365;1737;11-50;891573.0;text;;[];False;False;6cb7fd8d86a729e1;[];tadi absen ga sih kamu
2366;1737;11-50;891580.0;text;;[];True;False;6cb7fd8d86a729e1;[];jadi ketemuan ga hari ini?
2367;1737;1-10;891582.0;text;;[];False;False;5c4174a89aef5c58;[];YOI
2368;1737;11-50;891583.0;text;;[];False;False;5c4174a89aef5c58;[];PRESENTASI GW AMBURADUL
2369;1737;1-10;891585.0;text;;[];False;False;5c4174a89aef5c58;[];OTW
2370;1737;1-10;891590.0;text;;[];False;False;5c4174a89aef5c58;[];HEHE
2371;1737;1-10;891594.0;text;;[];False;False;6cb7fd8d86a729e1;[];wkwk
2372;1737;51-100;891606.0;text;2364.0;[];False;False;78bb5ecc66ccb40f;[];nyokap gw nelfon tadi nanyainnn kapannnn pulang, gw bilang aja abiss ujian
2373;1737;1-10;891607.0;text;;['👀'];False;False;78bb5ecc66ccb40f;[];yoi
2374;1737;11-50;891623.0;text;;[];False;False;5c4174a89aef5c58;[];IPK GW TURUN SEMESTER INI
2375;1737;1-10;891625.0;text;;[];False;False;5c4174a89aef5c58;[];YUK
2376;1737;11-50;891627.0;text;;[];False;False;5c4174a89aef5c58;[];EH TADI KELAS SERU BANGET
2377;1737;1-10;891628.0;text;;[];False;False;78bb5ecc66ccb40f;[];otw
2378;1737;0;891633.0;sticker/webp;;[];False;False;78bb5ecc66ccb40f;[];[Stiker]
2379;1737;0;891634.0;sticker/webp;;[];False;False;5c4174a89aef5c58;[];[Stiker]
2380;1737;11-50;891642.0;text;;[];False;False;5c4174a89aef5c58;[];GW SKIP KELAS HARI INI
2381;1737;11-50;891643.0;text;;[];False;False;5c4174a89aef5c58;['669b603e2fede363'];IPK GW TURUN SEMESTER INI
2382;1737;1-10;891651.0;text;;[];False;False;5c4174a89aef5c58;[];DAH
2383;1737;0;891994.0;video/mp4;;[];False;False;5c4174a89aef5c58;[];[Video]
2384;1737;11-50;892015.0;text;;[];False;False;6cb7fd8d86a729e1;[];deadline besok pagi bro
2385;1737;11-50;892023.0;text;;[];True;False;6cb7fd8d86a729e1;[];lu dimana sekarang?
2386;1737;1-10;892031.0;text;;[];False;False;5c4174a89aef5c58;[];WKWK
2387;1737;11-50;892035.0;text;;[];False;False;5c4174a89aef5c58;[];GW LG NGERJAIN TUGAS NIH
2388;1737;11-50;892037.0;text;;[];True;False;5c4174a89aef5c58;[];SIAPA YANG MAU IKUT?
2389;1737;0;892058.0;sticker/webp;;[];False;False;5c4174a89aef5c58;[];[Stiker]
2390;1737;1-10;892084.0;text;;[];False;False;6cb7fd8d86a729e1;[];hehe
2391;1737;11-50;892554.0;text;;[];False;False;5c4174a89aef5c58;[];TADI ABSEN GA SIH KAMU
2392;1737;1-10;892554.0;text;;[];False;False;5c4174a89aef5c58;[];SIAP
2393;1737;11-50;892556.0;text;;[];False;False;5c4174a89aef5c58;['875a798b5fe6ce5e'];GW SKIP KELAS HARI INI
2394;1737;1-10;892606.0;text;;[];False;False;5c4174a89aef5c58;[];YUK
2395;1737;11-50;892621.0;text;;[];False;False;5c4174a89aef5c58;[];DEADLINE BESOK PAGI BRO
2396;1738;11-50;894240.0;text;;[];False;False;7cd05039751c8a39;[];konser tu mahal bgt tiketnya
2397;1738;11-50;894383.0;text;;[];False;False;78bb5ecc66ccb40f;[];gameeee baruu udah downloadd belummmm
2398;1738;1-10;894388.0;text;;[];False;False;78bb5ecc66ccb40f;[];njir
2399;1738;1-10;894390.0;text;;['😂'];False;False;78bb5ecc66ccb40f;[];kuy
2400;1738;0;894671.0;image/jpeg;;[];False;False;6cb7fd8d86a729e1;[];[Foto]
2401;1738;11-50;894681.0;text;;[];False;False;6cb7fd8d86a729e1;[];manga terbaru udah keluar loh
2402;1738;1-10;894713.0;text;;[];False;False;5c4174a89aef5c58;[];JIR
2403;1738;1-10;894714.0;text;;[];False;False;5c4174a89aef5c58;[];KUY
2404;1738;11-50;894724.0;text;;[];True;False;6cb7fd8d86a729e1;[];masih bangun ga lu jam segini?
2405;1738;1-10;894724.0;text;;[];False;False;5c4174a89aef5c58;[];BETE
2406;1738;11-50;894729.0;text;;[];False;False;5c4174a89aef5c58;[];GW ABIS LARI PAGI TADI
2407;1738;11-50;894731.0;text;;[];False;False;5c4174a89aef5c58;[];ALBUM BARU DIA ENAK BANGET
2408;1738;11-50;894742.0;text;;[];False;False;6cb7fd8d86a729e1;[];gw lagi baca novel baru nih
2409;1738;11-50;894756.0;text;;[];False;False;5c4174a89aef5c58;[];GW ABIS LARI PAGI TADI
2410;1738;11-50;894775.0;text;;[];False;False;5c4174a89aef5c58;[];GW LAGI BACA NOVEL BARU NIH
2411;1738;11-50;894795.0;text;;[];False;False;6cb7fd8d86a729e1;[];game baru udah download belum
2412;1739;11-50;896911.0;text;;[];False;False;78bb5ecc66ccb40f;[];gw lagii di atmmm sebentar
2413;1739;1-10;896913.0;text;;[];False;False;78bb5ecc66ccb40f;[];yess
2414;1739;0;896959.0;video/mp4;;[];False;False;5c4174a89aef5c58;[];[Video]
2415;1740;0;929021.0;image/jpeg;;[];False;False;6cb7fd8d86a729e1;[];[Foto]
2416;1740;1-10;929513.0;text;;[];False;False;7cd05039751c8a39;[];gila
2417;1741;0;947323.0;image/jpeg;;[];False;False;7cd05039751c8a39;[];[Foto]
2418;1741;11-50;947339.0;text;;[];False;False;7cd05039751c8a39;[];lab komputer penuh terus
2419;1742;11-50;949498.0;text;;[];False;False;517d3fe8a4bacd58;[];gw skip kelas hari ini
2420;1742;1-10;949554.0;text;;[];False;False;5c4174a89aef5c58;[];SIAP
2421;1742;1-10;949559.0;text;;[];False;False;5c4174a89aef5c58;[];OTW
2422;1742;1-10;949559.0;text;;[];False;False;5c4174a89aef5c58;[];GAS
2423;1742;11-50;949855.0;text;;[];True;False;6269a7046147856a;[];tugassss dikumpul kapann sih?
2424;1742;11-50;949872.0;text;;[];True;False;6269a7046147856a;['15357a396c545b41'];tugas dikumpullll kapannn sih?
2425;1742;11-50;950011.0;text;;[];False;False;15357a396c545b41;[];presentasi gw amburadul
2426;1742;11-50;950018.0;text;;[];False;False;15357a396c545b41;[];perpus tutup jam berapa ya
2427;1742;11-50;950214.0;text;;[];True;False;15357a396c545b41;[];lu dimana sekarang?
2428;1742;51-100;950294.0;text;;[];True;False;6269a7046147856a;[];eh lu udahhh dapettt infoo jadwal ujian akhir semester belum dari prodi?
2429;1742;1-10;950632.0;text;2423.0;[];False;False;904f898e44eb019b;[];yoi
2430;1742;1-10;950660.0;text;;[];False;False;669b603e2fede363;[];dah
2431;1742;51-100;950763.0;text;;[];False;False;9678f75a4fb4c347;[];eh besok kita jadi ketemuan di kafe deket stasiun kan ya jam 2 siang
2432;1742;11-50;950929.0;text;;['🙄'];True;False;6269a7046147856a;[];tugass dikumpul kapan sih?
2433;1742;11-50;950981.0;text;;[];False;False;9678f75a4fb4c347;[];dosen gw galak banget sih
2434;1742;11-50;951081.0;text;;['🤣'];False;False;6269a7046147856a;[];dosennnn gw galak bangetttt sihhh
2435;1742;1-10;951371.0;text;;[];True;False;78bb5ecc66ccb40f;[];kapan?
2436;1742;11-50;951375.0;text;;[];False;False;78bb5ecc66ccb40f;[];ipkkk gw turunn semesterr ini
2437;1742;1-10;951389.0;text;;[];False;False;78bb5ecc66ccb40f;[];wkwkk
2438;1742;11-50;951501.0;text;;[];False;False;9678f75a4fb4c347;[];gw lg ngerjain tugas nih
2439;1742;11-50;951914.0;text;;[];False;True;6cb7fd8d86a729e1;[];mantap banget hasilnya!
2440;1742;11-50;951917.0;text;;[];False;False;6cb7fd8d86a729e1;[];presentasi gw amburadul
2441;1742;1-10;952587.0;text;;[];False;False;5c4174a89aef5c58;[];DAH
2442;1742;1-10;952595.0;text;;[];True;False;5c4174a89aef5c58;[];SIAPA?
2443;1742;1-10;952600.0;text;;[];False;False;5c4174a89aef5c58;[];HEHE
2444;1742;1-10;952600.0;text;;[];False;False;6cb7fd8d86a729e1;[];dah
2445;1742;0;952620.0;sticker/webp;;[];False;False;5c4174a89aef5c58;[];[Stiker]
2446;1742;0;952632.0;sticker/webp;;[];False;False;904f898e44eb019b;[];[Stiker]
2447;1743;0;963900.0;sticker/webp;;[];False;False;669b603e2fede363;[];[Stiker]
2448;1743;0;966203.0;sticker/webp;;[];False;False;904f898e44eb019b;[];[Stiker]
2449;1743;0;966227.0;sticker/webp;;[];False;False;5c4174a89aef5c58;[];[Stiker]
2450;1744;0;967124.0;sticker/webp;;[];False;False;904f898e44eb019b;[];[Stiker]
2451;1744;0;967225.0;sticker/webp;;[];False;False;5c4174a89aef5c58;[];[Stiker]
2452;1744;0;967277.0;sticker/webp;;[];False;False;7cd05039751c8a39;[];[Stiker]
2453;1744;0;967292.0;sticker/webp;;[];False;False;7cd05039751c8a39;[];[Stiker]
2454;1744;0;967312.0;sticker/webp;;[];False;False;904f898e44eb019b;[];[Stiker]
2455;1744;0;967364.0;sticker/webp;;[];False;False;5c4174a89aef5c58;[];[Stiker]
2456;1744;0;967365.0;sticker/webp;;[];False;False;5c4174a89aef5c58;[];[Stiker]
2457;1744;11-50;967438.0;text;;[];True;False;78bb5ecc66ccb40f;[];bolehhh gw ikutt ga?
2458;1744;0;967469.0;sticker/webp;;[];False;False;5c4174a89aef5c58;[];[Stiker]
2459;1744;1-10;967471.0;text;;[];False;False;7cd05039751c8a39;[];bet
2460;1744;11-50;967478.0;text;;[];False;False;7cd05039751c8a39;[];sidang minggu depan doain ya
2461;1744;0;967481.0;sticker/webp;;[];False;False;5c4174a89aef5c58;[];[Stiker]
2462;1744;0;967564.0;sticker/webp;;[];False;False;5c4174a89aef5c58;[];[Stiker]
2463;1744;0;967566.0;sticker/webp;;[];False;False;5c4174a89aef5c58;[];[Stiker]
2464;1744;0;967567.0;sticker/webp;;[];False;False;5c4174a89aef5c58;[];[Stiker]
2465;1744;0;967570.0;sticker/webp;;[];False;False;5c4174a89aef5c58;[];[Stiker]
2466;1744;0;967572.0;sticker/webp;;[];False;False;5c4174a89aef5c58;[];[Stiker]
2467;1744;0;967573.0;sticker/webp;;[];False;False;5c4174a89aef5c58;[];[Stiker]
2468;1744;11-50;967592.0;text;;[];False;False;7cd05039751c8a39;[];lu udah makan blm
2469;1744;11-50;967599.0;text;;[];False;False;7cd05039751c8a39;[];kelas tambahan hari sabtu sih
2470;1744;0;967603.0;sticker/webp;;[];False;False;7cd05039751c8a39;[];[Stiker]
2471;1744;11-50;967607.0;text;;[];True;False;5c4174a89aef5c58;[];ADA YANG PUNYA CATETAN?
2472;1744;1-10;967609.0;text;;[];False;False;5c4174a89aef5c58;[];DONE
2473;1744;11-50;967621.0;text;;[];False;False;5c4174a89aef5c58;[];GW LAPER BANGET NIH
2474;1744;11-50;967622.0;text;;[];False;False;7cd05039751c8a39;[];lu udah makan blm
2475;1744;1-10;967623.0;text;;[];False;False;5c4174a89aef5c58;[];GAJE
2476;1744;11-50;967628.0;text;;[];True;False;5c4174a89aef5c58;[];NTAR MALEM NGAPAIN?
2477;1744;11-50;967629.0;text;;[];False;False;7cd05039751c8a39;[];lu udah makan blm
2478;1744;11-50;967633.0;text;;[];False;False;7cd05039751c8a39;[];tugas kelompok bikin pusing
2479;1744;0;967639.0;video/mp4;;[];False;False;5c4174a89aef5c58;[];[Video]
2480;1744;0;967656.0;video/mp4;;[];False;False;7cd05039751c8a39;[];[Video]
2481;1744;0;967669.0;system;;[];False;False;7cd05039751c8a39;[];[Pesan sistem]
2482;1744;0;967704.0;system;;[];False;False;875a798b5fe6ce5e;[];[Pesan sistem]
2483;1744;1-10;967807.0;text;;[];False;False;5c4174a89aef5c58;[];NIH
2484;1744;11-50;967873.0;text;;[];False;False;78bb5ecc66ccb40f;[];wartegggg depan kampus enakkk
2485;1744;1-10;967877.0;text;;['😉'];False;False;78bb5ecc66ccb40f;[];gppp
2486;1744;1-10;967880.0;text;;[];False;False;5c4174a89aef5c58;[];GPP
2487;1744;11-50;967884.0;text;;[];True;False;5c4174a89aef5c58;[];GIMANA KABAR LU SEKARANG?
2488;1744;0;967897.0;sticker/webp;;[];False;False;6cb7fd8d86a729e1;[];[Stiker]
2489;1744;11-50;967903.0;text;;[];False;False;5c4174a89aef5c58;[];SIDANG MINGGU DEPAN DOAIN YA
2490;1744;1-10;967903.0;text;;[];True;False;5c4174a89aef5c58;[];BENER?
2491;1744;11-50;967914.0;text;;[];False;False;5c4174a89aef5c58;[];GW LAPER BANGET NIH
2492;1744;1-10;967920.0;text;;[];True;False;5c4174a89aef5c58;[];HAH?
2493;1744;1-10;967924.0;text;;[];False;False;5c4174a89aef5c58;[];TUH
2494;1744;1-10;967942.0;text;;[];False;False;5c4174a89aef5c58;[];BOLE
2495;1744;11-50;967951.0;text;;[];False;False;5c4174a89aef5c58;['6cb7fd8d86a729e1'];GW LAPER BANGET NIH
2496;1744;1-10;968411.0;text;;[];False;False;78bb5ecc66ccb40f;[];bett
2497;1744;11-50;968421.0;text;;[];False;False;78bb5ecc66ccb40f;[];warteg depan kampusss enak
2498;1745;0;969991.0;sticker/webp;;[];False;False;5c4174a89aef5c58;[];[Stiker]
2499;1745;0;970188.0;sticker/webp;;[];False;False;7cd05039751c8a39;[];[Stiker]
2500;1746;0;971103.0;image/jpeg;;[];False;False;7cd05039751c8a39;[];[Foto]
2501;1746;0;971172.0;sticker/webp;;[];False;False;5c4174a89aef5c58;[];[Stiker]
2502;1747;51-100;1040415.0;text;;[];False;False;15357a396c545b41;[];adek gw mau masuk,,, kuliah tahun depan gw,,, harus bantu cariin info,,, jurusan
2503;1747;1-10;1040419.0;text;;[];False;False;15357a396c545b41;[];pasti
2504;1747;11-50;1040421.0;text;;[];False;False;15357a396c545b41;[];kakak gw baru aja nikah
2505;1748;11-50;1044307.0;text;;[];False;False;9678f75a4fb4c347;[];badminton yuk sore ini
2506;1748;1-10;1044307.0;text;;['😍'];False;False;9678f75a4fb4c347;[];sans
2507;1748;1-10;1044322.0;text;;[];False;False;5c4174a89aef5c58;[];DIH
2508;1749;1-10;1047785.0;text;;[];False;False;669b603e2fede363;[];ywd
2509;1749;11-50;1047786.0;text;;[];True;False;669b603e2fede363;[];kos lu dmn sih tepatnya?
2510;1749;1-10;1047821.0;text;;['🔥'];False;False;6269a7046147856a;[];cape
2511;1749;51-100;1047826.0;text;;[];False;False;6269a7046147856a;[];gw baruu aja dapet kabar kalo temen kita diterima kerjaaaa di luar negeri
2512;1749;11-50;1047865.0;text;;[];False;False;669b603e2fede363;[];jangan bilang siapa siapa ya
2513;1749;1-10;1047910.0;text;;['🙄'];False;False;6269a7046147856a;[];males
2514;1749;11-50;1047943.0;text;;[];True;False;669b603e2fede363;[];jadwal sidang kapan bro?
2515;1749;1-10;1047949.0;text;;['🤣'];False;False;669b603e2fede363;[];wkkww
2516;1749;11-50;1047973.0;text;;['🙄'];False;False;6269a7046147856a;[];si itu udahhh putus katanya
2517;1749;1-10;1048408.0;text;;['😘'];False;False;15357a396c545b41;[];trus
2518;1750;0;1058485.0;sticker/webp;;[];False;False;5c4174a89aef5c58;[];[Stiker]
2519;1750;0;1058653.0;system;;[];False;False;517d3fe8a4bacd58;[];[Pesan sistem]
2520;1750;11-50;1058712.0;text;;[];False;False;517d3fe8a4bacd58;[];macet parah di jalan tol
2521;1750;11-50;1058736.0;text;;[];False;False;517d3fe8a4bacd58;[];ketemuan di mall jam 3 ya
2522;1750;1-10;1058779.0;text;;[];False;False;15357a396c545b41;[];woi
2523;1750;11-50;1058783.0;text;;[];True;False;15357a396c545b41;[];ada yg mau,,, bareng?
2524;1750;51-100;1058814.0;text;;[];False;False;15357a396c545b41;[];gw harus nabung lebih banyak sih buat bayar,,, uang semester yang naik
2525;1750;11-50;1058825.0;text;;[];True;False;669b603e2fede363;[];nilai kelura kapan ya?
2526;1750;1-10;1058903.0;text;;[];False;False;5c4174a89aef5c58;[];MAH
2527;1750;11-50;1058906.0;text;;[];False;False;5c4174a89aef5c58;[];GW NYARI PARKIR DULU BENTAR
2528;1750;0;1058919.0;sticker/webp;;[];False;False;5c4174a89aef5c58;[];[Stiker]
2529;1750;11-50;1058924.0;text;;[];False;False;5c4174a89aef5c58;['517d3fe8a4bacd58'];RAME BANGET DISINI CUY
2530;1750;1-10;1058928.0;text;;[];False;False;5c4174a89aef5c58;[];MAH
2531;1750;1-10;1058929.0;text;;[];False;False;5c4174a89aef5c58;[];OII
2532;1750;1-10;1058934.0;text;;[];False;False;5c4174a89aef5c58;[];YAA
2533;1750;1-10;1059041.0;text;;[];False;False;bd6a8d8230a32725;[];hoo
2534;1750;11-50;1059042.0;text;;[];False;False;bd6a8d8230a32725;[];bsk sore ad waktu... ga...
2535;1750;1-10;1059219.0;image/jpeg;;[];False;False;6269a7046147856a;[];[Foto]
2536;1750;11-50;1059242.0;text;;[];False;False;5c4174a89aef5c58;[];MACET PARAH DI JALAN TOL
2537;1750;11-50;1059247.0;text;;[];False;False;5c4174a89aef5c58;[];KITA KETEMUAN DIMANA AJA DEH
2538;1750;1-10;1059249.0;text;;[];False;False;5c4174a89aef5c58;[];EMM
2539;1750;11-50;1059265.0;text;;[];False;False;5c4174a89aef5c58;[];JANGAN LUPA BAWA DUIT CASH
2540;1750;11-50;1059272.0;text;;[];False;False;5c4174a89aef5c58;[];RAME BANGET DISINI CUY
2541;1750;11-50;1059303.0;text;;[];False;False;669b603e2fede363;[];gw ngga bs ikut maelm ni
2542;1750;1-10;1059313.0;text;;[];False;False;5c4174a89aef5c58;[];HOO
2543;1750;11-50;1059317.0;text;;[];False;False;5c4174a89aef5c58;[];GW NAIK OJOL AJA DEH
2544;1751;1-10;1068195.0;text;;[];False;False;78bb5ecc66ccb40f;[];donggg
2545;1751;11-50;1068202.0;text;;[];False;False;904f898e44eb019b;[];reuni kapan ya... kita
2546;1751;0;1068214.0;sticker/webp;;[];False;False;904f898e44eb019b;[];[Stiker]
2547;1751;11-50;1068215.0;text;;[];False;False;904f898e44eb019b;[];eh denger gosip belum
2548;1751;0;1068223.0;sticker/webp;;[];False;False;bd6a8d8230a32725;[];[Stiker]
2549;1751;0;1068227.0;system;;[];False;False;6269a7046147856a;[];[Pesan sistem]
2550;1751;0;1068231.0;sticker/webp;;[];False;False;78bb5ecc66ccb40f;[];[Stiker]
2551;1751;1-10;1068239.0;text;;[];False;False;5c4174a89aef5c58;[];HIHI
2552;1751;1-10;1068242.0;text;;[];False;False;5c4174a89aef5c58;[];SETUJU
2553;1751;0;1068246.0;audio;;[];False;False;6269a7046147856a;[];[Voice Note]
2554;1751;1-10;1068249.0;text;;[];False;False;5c4174a89aef5c58;[];AMIN
2555;1751;1-10;1068256.0;text;;[];False;False;5c4174a89aef5c58;[];UDAH
2556;1751;0;1068263.0;system;;[];False;False;6269a7046147856a;[];[Pesan sistem]
2557;1751;0;1068293.0;sticker/webp;;[];False;False;5c4174a89aef5c58;[];[Stiker]
2558;1751;0;1068303.0;sticker/webp;;[];False;False;669b603e2fede363;[];[Stiker]
2559;1751;11-50;1068322.0;text;;[];False;False;669b603e2fede363;[];gw ga percaya sih gosipnya
2560;1751;0;1068411.0;sticker/webp;;[];False;False;5c4174a89aef5c58;[];[Stiker]
2561;1751;0;1068519.0;sticker/webp;;[];False;False;669b603e2fede363;[];[Stiker]
2562;1751;0;1068891.0;sticker/webp;;[];False;False;5c4174a89aef5c58;[];[Stiker]
2563;1752;0;1069898.0;sticker/webp;;[];False;False;669b603e2fede363;[];[Stiker]
2564;1752;0;1069912.0;sticker/webp;;[];False;False;669b603e2fede363;[];[Stiker]
2565;1752;0;1070040.0;sticker/webp;;[];False;False;669b603e2fede363;[];[Stiker]
2566;1753;0;1070917.0;sticker/webp;;[];False;False;5c4174a89aef5c58;[];[Stiker]
2567;1753;0;1070917.0;sticker/webp;;[];False;False;5c4174a89aef5c58;[];[Stiker]
2568;1753;0;1070922.0;sticker/webp;;[];False;False;5c4174a89aef5c58;[];[Stiker]
2569;1754;101-500;1142609.0;text;;[];False;False;6269a7046147856a;[];gw baru aja beressss beresin kosan dannnn nemu barang barangg lama dari jamann sma. adaaaa foto kelas, surat dari mantan, sama bukuuuu diary yang isinya cringee banget kaloooo dibaca sekarang. jadiii nostalgia sendiri ingetttt masa masaaaa duluu yang lebih sederhana. kadang kangen juga sih jadi anakkk sma lagi tanpaaaa mikirin skripsi
2570;1754;11-50;1142638.0;text;;[];False;False;78bb5ecc66ccb40f;[];gw nyari parkir dulu bentarrr
2571;1754;11-50;1142643.0;text;;[];False;False;78bb5ecc66ccb40f;[];jangann lupaaaa bawaaa duitttt cashh
2572;1754;1-10;1142648.0;text;;['😌'];False;False;78bb5ecc66ccb40f;[];mahhh
2573;1754;0;1142656.0;sticker/webp;;[];False;False;78bb5ecc66ccb40f;[];[Stiker]
2574;1754;11-50;1142670.0;text;;[];False;False;6269a7046147856a;[];bskk soreeee adaaaa waktu ga
2575;1754;1-10;1142678.0;text;;['🤣'];False;False;6269a7046147856a;[];kannnn
2576;1754;0;1142795.0;audio;;[];False;False;6269a7046147856a;[];[Voice Note]
2577;1754;1-10;1142850.0;text;;['😏'];True;False;78bb5ecc66ccb40f;[];mau?
2578;1754;11-50;1142870.0;text;;['🙄'];False;False;6269a7046147856a;[];jangan lupaaaa bawaaaa duitt cashh
2579;1754;1-10;1142877.0;text;;['🤣'];False;False;6269a7046147856a;[];dehhh
2580;1754;11-50;1142896.0;text;;[];False;False;6269a7046147856a;[];macetttt parahhh di jalan tol
2581;1754;101-500;1142935.0;text;;[];False;False;6269a7046147856a;[];gw baru aja beres beresin kosan dan nemu barang barang lama dari jaman sma. ada fotoo kelas, suratt dari mantan, sama bukuuu diaryy yang isinya cringe banget kalo dibaca sekarang. jadiii nostalgiaaa sendirii inget masaaaa masaaa dulu yangg lebih sederhana. kadangggg kangen juga sih jadi anak sma lagi tanpaaaa mikirin skripsiiii
2582;1754;11-50;1142954.0;text;;[];False;False;6269a7046147856a;[];gw udah di parkirann nih
2583;1754;0;1143008.0;audio;;[];False;False;6269a7046147856a;[];[Voice Note]
2584;1754;51-100;1143019.0;text;;[];False;False;6269a7046147856a;[];gw lagi nyobaaa masak rendang resep nyokap tapi kayaknya gagal total deh
2585;1754;101-500;1143212.0;text;;[];False;False;fa349f0a7e6afa78;[];gw baru aja beres beresin kosan dan nemu barang barang lama dari jaman SMA. ada foto kelas, surat dari mantan, sama buku diary yang isinya cringe banget kalo dibaca sekarang. jadi nostalgia sendiri inget masa masa dulu yang lebih sederhana. kadang kangen juga sih jadi anak SMA lagi tanpa mikirin skripsi!!
2586;1755;101-500;1144015.0;text;;[];False;False;fa349f0a7e6afa78;[];hari ini gw iseng nyoba bikin kopi pake metode V60 yang lagi hype di kalangan anak anak kampus. beli alatnya lumayan mahal sih tapi hasilnya emang beda dari kopi sachet biasa. kopinya lebih smooth dan ga terlalu pahit. kayaknya gw bakal ketagihan nih bikin kopi sendiri tiap pagi sebelum ke kampus!!!
2587;1755;1-10;1144018.0;text;;[];False;False;517d3fe8a4bacd58;[];amin
2588;1755;101-500;1144104.0;text;;[];False;True;6cb7fd8d86a729e1;[];yesss gw akhirnya dapet nilai a di mata kuliah yang paling gw takutin selama ini! padahal gw udah pasrah banget pas ujian soalnya soalnya susah parah. ternyata tugas dan presentasi gw nilainya bagus jadi bisa nutupin nilai ujian. alhamdulillah banget perjuangan ga sia sia!
2589;1755;101-500;1144112.0;text;;[];False;False;fa349f0a7e6afa78;[];hari ini gw iseng nyoba bikin kopi pake metode V60 yang lagi hype di kalangan anak anak kampus. beli alatnya lumayan mahal sih tapi hasilnya emang beda dari kopi sachet biasa. kopinya lebih smooth dan ga terlalu pahit. kayaknya gw bakal ketagihan nih bikin kopi sendiri tiap pagi sebelum ke kampus!!!
2590;1755;11-50;1144137.0;text;;[];False;False;517d3fe8a4bacd58;[];diem diem ternyata jadian
2591;1755;11-50;1144201.0;text;;[];False;False;517d3fe8a4bacd58;[];diem diem ternyata jadian
2592;1755;11-50;1144208.0;text;;[];False;False;517d3fe8a4bacd58;[];gw berantem sama si anu
2593;1755;1-10;1144216.0;text;;[];False;False;517d3fe8a4bacd58;[];cape
2594;1755;51-100;1144258.0;text;;[];False;False;517d3fe8a4bacd58;[];lu harus coba kedai kopi baru di jalan belakang kampus, enak banget
2595;1755;1-10;1144270.0;text;;['😂'];False;False;517d3fe8a4bacd58;[];trus
2596;1755;1-10;1144283.0;text;;[];False;False;517d3fe8a4bacd58;[];gabut
2597;1755;51-100;1144304.0;text;;[];False;False;517d3fe8a4bacd58;[];gw baru aja dapet kabar kalo temen kita diterima kerja di luar negeri
2598;1755;11-50;1144306.0;text;;[];False;False;517d3fe8a4bacd58;[];jangan bilang siapa siapa ya
2599;1755;101-500;1144386.0;text;;[];False;False;517d3fe8a4bacd58;[];hari ini gw iseng nyoba bikin kopi pake metode V60 yang lagi hype di kalangan anak anak kampus. beli alatnya lumayan mahal sih tapi hasilnya emang beda dari kopi sachet biasa. kopinya lebih smooth dan ga terlalu pahit. kayaknya gw bakal ketagihan nih bikin kopi sendiri tiap pagi sebelum ke kampus
2600;1755;51-100;1144397.0;text;;[];False;False;517d3fe8a4bacd58;[];gw pengen banget liburan ke pantai tapi duit lagi tipis banget sekarang
2601;1755;101-500;1144868.0;text;;[];False;False;fa349f0a7e6afa78;[];hari ini gw iseng nyoba bikin kopi pake metode V60 yang lagi hype di kalangan anak anak kampus. beli alatnya lumayan mahal sih tapi hasilnya emang beda dari kopi sachet biasa. kopinya lebih smooth dan ga terlalu pahit. kayaknya gw bakal ketagihan nih bikin kopi sendiri tiap pagi sebelum ke kampus!!!
2602;1755;51-100;1144889.0;text;;[];False;False;fa349f0a7e6afa78;[];lu harus coba kedai kopi baru di jalan belakang kampus, enak banget!!
2603;1755;1-10;1144900.0;text;;[];False;False;517d3fe8a4bacd58;[];amin
2604;1755;11-50;1144908.0;text;;[];False;False;517d3fe8a4bacd58;[];temen gw sakit masuk RS
2605;1755;11-50;1144925.0;text;;[];False;False;517d3fe8a4bacd58;[];gw ga percaya sih gosipnya
2606;1755;11-50;1144928.0;text;;[];False;False;517d3fe8a4bacd58;[];gw berantem sama si anu
2607;1755;1-10;1145062.0;text;;[];False;False;517d3fe8a4bacd58;[];cape
2608;1755;11-50;1145070.0;text;;[];True;False;517d3fe8a4bacd58;[];kos lu dimana sih tepatnya?
2609;1755;101-500;1145126.0;text;;[];False;False;fa349f0a7e6afa78;[];hari ini gw iseng nyoba bikin kopi pake metode V60 yang lagi hype di kalangan anak anak kampus. beli alatnya lumayan mahal sih tapi hasilnya emang beda dari kopi sachet biasa. kopinya lebih smooth dan ga terlalu pahit. kayaknya gw bakal ketagihan nih bikin kopi sendiri tiap pagi sebelum ke kampus!!
2610;1755;11-50;1145166.0;text;;[];True;False;517d3fe8a4bacd58;[];kos lu dimana sih tepatnya?
2611;1756;51-100;1146529.0;text;;[];False;False;6269a7046147856a;[];gw senengg bangett akhirnyaa bisa ketemu temen temen lama setelahh lamaaa ga
2612;1756;11-50;1146612.0;text;;[];True;False;78bb5ecc66ccb40f;[];gw harus bawa apa aja?
2613;1756;1-10;1146612.0;text;;['😌'];False;False;78bb5ecc66ccb40f;[];iyaa
2614;1756;1-10;1146725.0;text;;[];True;False;6269a7046147856a;[];gk?
2615;1756;11-50;1146734.0;text;;[];False;False;78bb5ecc66ccb40f;[];gw mau tidurr dulu ya
2616;1756;11-50;1146879.0;text;;[];False;False;6269a7046147856a;[];gw baruu ganti nomor btww
2617;1757;11-50;1158273.0;text;;[];False;False;15357a396c545b41;[];wifi kampus lemot parah
2618;1757;11-50;1158280.0;text;;[];False;False;15357a396c545b41;[];dompet gw ketinggalan di,,, rumah
2619;1757;11-50;1158311.0;text;;[];True;False;15357a396c545b41;[];besok libur bukan sih?
2620;1757;51-100;1158437.0;text;;[];False;False;15357a396c545b41;[];gw seneng banget,,, akhirnya bisa ketemu temen temen lama setelah lama ga
2621;1757;11-50;1158457.0;text;;[];True;False;15357a396c545b41;[];gw harus bawa apa,,, aja?
2622;1757;11-50;1158978.0;text;;[];False;False;6269a7046147856a;[];hujan deres ga bawa payungggg
2623;1757;11-50;1159432.0;text;;[];False;False;758552ae48a9c576;[];Charger hp gw rusak lagi.
2624;1758;51-100;1162018.0;text;;[];False;False;15357a396c545b41;[];nyokap gw,,, nelfon,,, tadi nanyain kapan pulang, gw bilang aja abis ujian,,,
2625;1758;11-50;1162926.0;text;;[];False;False;669b603e2fede363;[];eh tadi kelas seru bgt
2626;1758;1-10;1162948.0;text;;['🥰'];False;False;669b603e2fede363;[];iya
2627;1758;11-50;1163006.0;text;;[];False;False;669b603e2fede363;[];eh tadi kelas seru bgt
2628;1758;51-100;1163024.0;text;;[];False;False;669b603e2fede363;[];nyokap gw nelfon tadi nanayin kaapn pualng, gw bliang aja abis ujian
2629;1758;0;1164980.0;image/jpeg;;[];False;False;669b603e2fede363;[];[Foto]
2630;1759;101-500;1189454.0;text;;[];False;False;6269a7046147856a;[];hariiii iniiii gw iseng nyobaaa bikin kopi pakeeee metode v60 yang lagi hype di kalangannnn anak anak kampus. beli alatnya lumayan mahall sihhhh tapii hasilnya emang bedaaa dariii kopi sachet biasa. kopinya lebih smoothh dan ga terlalu pahit. kayaknya gw bakal ketagihannn nih bikinn kopii sendiri tiap pagi sebelum ke kampus
2631;1759;51-100;1191276.0;text;;[];False;False;517d3fe8a4bacd58;[];wifi kosan gw lemot banget jadi gw ke perpus aja buat ngerjain tugas
2632;1760;11-50;1208941.0;text;;[];True;False;15357a396c545b41;[];jadwal sidang kapan bro?,,,
2633;1760;1-10;1209263.0;text;;[];False;False;6269a7046147856a;[];dongg
2634;1760;11-50;1209283.0;text;;[];False;False;6269a7046147856a;[];gw berantemm sama si anu
2635;1760;1-10;1209294.0;text;;['👍🏼'];False;False;15357a396c545b41;[];hihi
2636;1760;11-50;1209313.0;text;;[];True;False;6269a7046147856a;[];pinjammmm catetannn boleh ga?
2637;1760;11-50;1209322.0;text;;[];False;False;15357a396c545b41;[];pacarnya baru siapa sih
2638;1760;11-50;1209332.0;text;;[];False;False;15357a396c545b41;[];temenin gw,,, dong besok,,,
2639;1760;1-10;1209405.0;text;;[];False;False;6269a7046147856a;[];trus
2640;1760;1-10;1209428.0;text;;[];False;False;6269a7046147856a;[];udahhh
2641;1760;11-50;1210452.0;text;;[];False;False;669b603e2fede363;[];pacanrya baru siapa sih
2642;1760;11-50;1210613.0;text;;[];False;False;669b603e2fede363;[];dime diem ternyata jdaian
2643;1760;11-50;1210621.0;text;;[];False;False;669b603e2fede363;[];gw berantem sm si anu
2644;1760;11-50;1210627.0;text;;[];False;False;669b603e2fede363;[];gw kanegn temen temen sma
2645;1760;11-50;1210630.0;text;;[];False;False;669b603e2fede363;[];si tu udah putus katanya
2646;1760;0;1210763.0;unknown;;[];False;False;5c4174a89aef5c58;[];[Media tidak dikenal]
2647;1760;11-50;1210766.0;text;;[];False;False;5c4174a89aef5c58;[];EH DENGER GOSIP BELUM
2648;1760;11-50;1210774.0;text;;[];False;False;669b603e2fede363;[];temenin gw dong besok
2649;1760;0;1210780.0;sticker/webp;;[];False;False;5c4174a89aef5c58;[];[Stiker]
2650;1760;0;1210786.0;sticker/webp;;[];False;False;5c4174a89aef5c58;[];[Stiker]
2651;1760;11-50;1210791.0;text;;[];False;False;5c4174a89aef5c58;[];PACARNYA BARU SIAPA SIH
2652;1760;1-10;1210798.0;text;;[];True;False;5c4174a89aef5c58;[];SAMPE?
2653;1760;0;1210800.0;image/jpeg;;[];False;False;7cd05039751c8a39;[];[Foto]
2654;1760;1-10;1210814.0;text;;[];False;False;669b603e2fede363;[];sm
2655;1760;11-50;1210846.0;text;;[];True;False;5c4174a89aef5c58;[];KAPAN TERAKHIR KALI KETEMU?
2656;1760;11-50;1210863.0;text;;[];False;False;5c4174a89aef5c58;[];SI ITU UDAH PUTUS KATANYA
2657;1760;11-50;1211210.0;text;;[];False;False;7cd05039751c8a39;[];temen gw sakit masuk rs
2658;1760;1-10;1211250.0;text;;[];False;False;5c4174a89aef5c58;[];UDAH
2659;1760;1-10;1211257.0;text;;[];False;False;5c4174a89aef5c58;[];AMIN
2660;1760;11-50;1211400.0;text;;[];False;False;669b603e2fede363;[];gw kangen temen teemn sma
2661;1760;1-10;1211441.0;text;;[];False;False;5c4174a89aef5c58;[];GABUT
2662;1760;11-50;1211443.0;text;;[];False;False;5c4174a89aef5c58;[];SI ITU UDAH PUTUS KATANYA
2663;1760;11-50;1211449.0;text;;[];False;False;5c4174a89aef5c58;[];ANGKOT KE SANA MASIH ADA GA
2664;1760;1-10;1211458.0;text;;[];False;False;5c4174a89aef5c58;[];TRUS
2665;1760;0;1211462.0;sticker/webp;;[];False;False;5c4174a89aef5c58;[];[Stiker]
2666;1760;0;1211907.0;sticker/webp;;[];False;False;669b603e2fede363;[];[Stiker]
2667;1760;0;1211910.0;sticker/webp;;[];False;False;669b603e2fede363;[];[Stiker]
2668;1760;0;1211952.0;sticker/webp;;[];False;False;5c4174a89aef5c58;[];[Stiker]
2669;1760;0;1211960.0;sticker/webp;;[];False;False;5c4174a89aef5c58;[];[Stiker]
2670;1760;11-50;1212172.0;text;;[];False;False;669b603e2fede363;[];pacarnya baru siapa sih
2671;1760;0;1212190.0;sticker/webp;;[];False;False;669b603e2fede363;[];[Stiker]
2672;1760;1-10;1212191.0;text;;[];False;False;517d3fe8a4bacd58;[];cape
2673;1760;11-50;1212198.0;text;;[];False;False;517d3fe8a4bacd58;[];temenin gw dong besok
2674;1760;11-50;1212205.0;text;;[];False;False;669b603e2fede363;[];temen gw sakit masuk rs
2675;1760;11-50;1212210.0;text;;[];True;False;517d3fe8a4bacd58;[];kos lu dimana sih tepatnya?
2676;1760;11-50;1212212.0;text;;[];False;False;517d3fe8a4bacd58;[];temen gw sakit masuk RS
2677;1760;1-10;1212232.0;text;2675.0;[];False;False;5c4174a89aef5c58;[];DONG
2678;1760;0;1212271.0;sticker/webp;;[];False;False;5c4174a89aef5c58;[];[Stiker]
2679;1761;11-50;1213663.0;text;;[];False;False;6269a7046147856a;['15357a396c545b41'];ntarrr gw kabarin lagi deh
2680;1761;11-50;1213670.0;text;;[];False;False;6269a7046147856a;[];lu timmmm mana dukungnyaa
2681;1761;11-50;1213686.0;text;;[];True;False;15357a396c545b41;[];gw harus,,, bawa apa aja?
2682;1761;1-10;1213700.0;text;;[];False;True;15357a396c545b41;[];bangke!
2683;1761;1-10;1213731.0;text;;[];False;False;15357a396c545b41;[];oh
2684;1761;1-10;1213733.0;text;;[];False;False;15357a396c545b41;[];yoii
2685;1762;11-50;1215275.0;text;;[];True;False;5c4174a89aef5c58;[];KAPAN TERAKHIR KALI KETEMU?
2686;1762;1-10;1215279.0;text;;[];False;False;5c4174a89aef5c58;[];GABUT
2687;1762;1-10;1215288.0;text;;[];False;False;5c4174a89aef5c58;[];DONG
2688;1763;0;1220293.0;unknown;;[];False;False;7cd05039751c8a39;[];[Media tidak dikenal]
2689;1763;1-10;1220312.0;text;;[];False;False;5c4174a89aef5c58;[];GPP
2690;1763;1-10;1220318.0;text;;[];False;False;5c4174a89aef5c58;[];TUH
2691;1763;11-50;1220353.0;text;;[];False;False;7cd05039751c8a39;[];mie ayam pak kumis juara sih
2692;1763;1-10;1220681.0;text;;[];False;False;5c4174a89aef5c58;[];SABI
2693;1763;11-50;1220685.0;text;;[];False;False;5c4174a89aef5c58;[];GW LAPER BANGET NIH
2694;1763;1-10;1220689.0;text;;[];False;False;5c4174a89aef5c58;[];DONE
2695;1763;1-10;1220691.0;text;;[];False;False;5c4174a89aef5c58;[];BOLE
2696;1763;11-50;1221587.0;text;;[];False;False;7cd05039751c8a39;[];proposal skripsi gw ditolak
2697;1764;1-10;1227951.0;text;;['😢'];False;False;669b603e2fede363;[];oot
2698;1764;11-50;1232935.0;text;;[];False;False;78bb5ecc66ccb40f;[];futsal besok jadi ga
2699;1764;51-100;1232947.0;text;;[];True;False;78bb5ecc66ccb40f;[];kira kiraaa kaloo gw apply magangg sekarang masihh keburuuuu ga ya?
2700;1764;1-10;1233055.0;text;;[];False;False;6cb7fd8d86a729e1;[];hoki
2701;1764;11-50;1233356.0;text;;['😨'];True;False;78bb5ecc66ccb40f;[];tadi ngomonggg apaaaa sih dosennya?
2702;1764;1-10;1233360.0;text;;[];True;False;78bb5ecc66ccb40f;[];gitu?
2703;1764;1-10;1233382.0;text;;[];False;False;5c4174a89aef5c58;[];FYI
2704;1764;1-10;1233485.0;text;;[];True;False;78bb5ecc66ccb40f;[];ya?
2705;1764;1-10;1233485.0;text;;['😨'];False;False;78bb5ecc66ccb40f;[];oottt
2706;1764;1-10;1233511.0;text;;[];False;False;5c4174a89aef5c58;[];DIH
2707;1764;11-50;1233517.0;text;;[];False;False;5c4174a89aef5c58;[];GAME BARU UDAH DOWNLOAD BELUM
2708;1764;1-10;1233520.0;text;;[];True;False;5c4174a89aef5c58;[];JD?
2709;1764;51-100;1233552.0;text;;[];False;False;5c4174a89aef5c58;[];GW HARUS GANTI STRATEGI BELAJAR SIH SOALNYA NILAI UTS KEMARIN JELEK BGT
2710;1764;1-10;1233552.0;text;;[];False;False;78bb5ecc66ccb40f;[];dih
2711;1764;1-10;1233567.0;text;;[];True;False;5c4174a89aef5c58;[];GMANA?
2712;1764;11-50;1233570.0;text;;[];False;False;5c4174a89aef5c58;[];GW ABIS LARI PAGI TADI
2713;1764;1-10;1233577.0;text;;[];False;False;5c4174a89aef5c58;[];KUY
2714;1764;11-50;1233594.0;text;;[];False;False;5c4174a89aef5c58;[];GW ABIS LARI PAGI TADI
2715;1764;1-10;1233596.0;text;;[];False;False;78bb5ecc66ccb40f;[];ootttt
2716;1764;1-10;1233602.0;text;;['😌'];False;False;78bb5ecc66ccb40f;[];zonk
2717;1764;11-50;1233606.0;text;;[];False;False;78bb5ecc66ccb40f;[];gw abisss lari pagiii tadi
2718;1764;1-10;1233617.0;text;;[];False;False;5c4174a89aef5c58;[];NJIR
2719;1764;51-100;1233618.0;text;;[];False;False;78bb5ecc66ccb40f;['fa349f0a7e6afa78', '758552ae48a9c576'];gw gagal dietttt lagiiii soalnyaaaa tadi sore diajak makan bakso sama temen
2720;1764;11-50;1233622.0;text;;[];True;False;78bb5ecc66ccb40f;[];masih bangun ga lu jamm segini?
2721;1764;1-10;1233623.0;text;;[];False;False;5c4174a89aef5c58;[];HOKI
2722;1764;1-10;1233632.0;text;;['🥰'];False;True;78bb5ecc66ccb40f;[];edan!
2723;1764;11-50;1233633.0;text;;[];False;False;78bb5ecc66ccb40f;[];futsal besok jadi ga
2724;1764;11-50;1233641.0;text;;[];False;False;5c4174a89aef5c58;[];GW LAGI BACA NOVEL BARU NIH
2725;1764;11-50;1233705.0;text;;[];True;False;78bb5ecc66ccb40f;[];tadii ngomong apa sih dosennya?
2726;1764;11-50;1233706.0;text;;[];True;False;78bb5ecc66ccb40f;[];bookingggg duluannnn apa langsung aja?
2727;1764;11-50;1233758.0;text;;[];False;False;5c4174a89aef5c58;[];BADMINTON YUK SORE INI
2728;1764;1-10;1234113.0;text;;[];False;False;fa349f0a7e6afa78;[];sans!!
2729;1764;1-10;1234330.0;text;;[];False;False;78bb5ecc66ccb40f;[];jir
2730;1764;11-50;1234333.0;text;;[];True;False;78bb5ecc66ccb40f;[];adaaaa sinyal ga disitu?
2731;1764;11-50;1234336.0;text;;[];False;False;78bb5ecc66ccb40f;[];futsal besokk jadi ga
2732;1764;11-50;1234340.0;text;;[];False;False;78bb5ecc66ccb40f;[];konser itu mahall banget tiketnya
2733;1764;11-50;1234361.0;text;;[];False;False;5c4174a89aef5c58;[];KONSER ITU MAHAL BANGET TIKETNYA
2734;1764;11-50;1234371.0;text;;[];False;False;5c4174a89aef5c58;[];GYM HARI INI SKIP DEH
2735;1765;0;1246818.0;image/jpeg;;[];False;False;517d3fe8a4bacd58;[];[Foto]
2736;1765;1-10;1247770.0;text;;['🤣'];False;False;6269a7046147856a;[];iyaa
2737;1765;11-50;1247792.0;text;;['🙄', '🤣'];False;False;6269a7046147856a;[];hujannn deressss ga bawaaa payung
2738;1765;11-50;1247855.0;text;;[];False;False;9678f75a4fb4c347;[];hp gw lowbat nih
2739;1765;51-100;1247881.0;text;;[];False;False;9678f75a4fb4c347;[];tadi gw antri di administrasi kampus 2 jam cuma buat ngurus surat
2740;1765;11-50;1247928.0;text;;[];False;False;5c4174a89aef5c58;[];CHARGER HP GW RUSAK LAGI
2741;1765;11-50;1247932.0;text;;[];False;False;5c4174a89aef5c58;[];HP GW LOWBAT NIH
2742;1765;0;1248254.0;video/mp4;;[];False;False;5c4174a89aef5c58;[];[Video]
2743;1765;1-10;1248344.0;text;2742.0;['😱'];False;False;6269a7046147856a;[];seep
2744;1765;11-50;1248362.0;text;;[];False;False;6269a7046147856a;[];baruu bangun nih masihh ngantuk
2745;1765;11-50;1248375.0;text;;[];False;False;5c4174a89aef5c58;[];NTAR GW KABARIN LAGI DEH
2746;1765;1-10;1248580.0;text;;[];False;False;6269a7046147856a;[];iyaa
2747;1765;0;1248691.0;sticker/webp;;[];False;False;5c4174a89aef5c58;[];[Stiker]
2748;1766;51-100;1282190.0;text;;[];False;False;7cd05039751c8a39;[];gw lg mikirin mau ambil magang di perusahaan mana buat semester depan
2749;1766;11-50;1282202.0;text;;[];False;False;7cd05039751c8a39;[];dosen pembimbing susah ditemui
2750;1766;1-10;1282213.0;text;;[];True;False;7cd05039751c8a39;[];dmn?
2751;1766;11-50;1282611.0;text;;[];True;False;6269a7046147856a;[];gimanaa kabar lu sekarang?
2752;1766;11-50;1282639.0;text;;[];True;False;517d3fe8a4bacd58;[];gimana kabar lu sekarang?
2753;1766;11-50;1282648.0;text;;[];False;False;517d3fe8a4bacd58;[];kelas tambahan hari sabtu sih
2754;1766;11-50;1282785.0;text;;['🤷🏽\u200d♀'];False;False;6269a7046147856a;[];sidangg minggu depannnn doain ya
2755;1766;1-10;1282790.0;text;;['💃🏽'];False;False;6269a7046147856a;[];aman
2756;1766;11-50;1283189.0;text;;[];False;False;7cd05039751c8a39;[];dosen pembimbing susah ditemui
2757;1766;11-50;1283213.0;text;;[];False;False;7cd05039751c8a39;[];kelas tambahan hari sabtu sih
2758;1766;51-100;1283294.0;text;;['🤣'];False;False;6269a7046147856a;['15357a396c545b41'];jangan lupa besokk kumpulll di lobby kampus jammm 8 pagi buat berangkatt bareng
2759;1766;11-50;1283457.0;text;;[];False;False;15357a396c545b41;[];proposal skripsi gw ditolak
2760;1766;11-50;1283465.0;text;;[];False;False;15357a396c545b41;[];gw baru aja dari kampus
2761;1766;1-10;1283737.0;text;;['🤣'];False;False;6269a7046147856a;[];gppppp
2762;1766;0;1284874.0;sticker/webp;;[];False;False;669b603e2fede363;[];[Stiker]
2763;1766;0;1286135.0;sticker/webp;;[];False;False;15357a396c545b41;[];[Stiker]
2764;1766;11-50;1287541.0;text;;[];True;False;517d3fe8a4bacd58;[];ada yang punya catetan?
2765;1767;11-50;1298259.0;text;;[];True;False;78bb5ecc66ccb40f;[];masih bukaa ga warungnya?
2766;1767;1-10;1298304.0;text;;[];False;False;15357a396c545b41;[];iyaa
2767;1767;1-10;1298307.0;text;;[];False;False;15357a396c545b41;[];oh
2768;1767;1-10;1298308.0;text;;[];False;False;5c4174a89aef5c58;[];SIAPP
2769;1767;11-50;1298326.0;text;;[];True;False;78bb5ecc66ccb40f;[];masih bukaa ga warungnya?
2770;1767;11-50;1298329.0;text;;[];False;False;78bb5ecc66ccb40f;[];baruuuu bangun nih masih ngantuk
2771;1767;11-50;1298330.0;text;;[];True;False;15357a396c545b41;[];gw harus bawa apa aja?
2772;1767;11-50;1298331.0;text;;[];False;False;15357a396c545b41;[];gw lg sibuk bgt,,, minggu ini,,,
2773;1767;11-50;1298341.0;text;;[];False;False;78bb5ecc66ccb40f;[];internet mati lagi di kosan
2774;1767;11-50;1298350.0;text;;['🙄'];False;False;78bb5ecc66ccb40f;[];baru bangun nih masih ngantuk
2775;1767;51-100;1298358.0;text;;[];False;False;15357a396c545b41;[];gw lagi dengerin podcast,,, tentang psikologi, lumayan buat nambah wawasan,,,
2776;1767;1-10;1298484.0;text;;['😌', '🙄'];False;False;78bb5ecc66ccb40f;[];ah
2777;1767;11-50;1298488.0;text;;[];False;False;78bb5ecc66ccb40f;[];hp gw lowbat nihh
2778;1767;1-10;1298783.0;text;;[];False;False;15357a396c545b41;[];hem
2779;1767;1-10;1298807.0;text;;[];False;False;15357a396c545b41;[];eh
2780;1767;51-100;1298809.0;text;;[];False;False;15357a396c545b41;[];gw seneng banget akhirnya bisa ketemu temen temen lama,,, setelah lama ga
2781;1767;1-10;1299158.0;text;;[];False;False;15357a396c545b41;[];ah
2782;1767;1-10;1300156.0;text;;['👍', '😊'];False;False;78bb5ecc66ccb40f;[];ah
2783;1768;11-50;1304107.0;text;;['😂'];False;False;9678f75a4fb4c347;[];si itu udah putus katanya
2784;1768;0;1304450.0;sticker/webp;;[];False;False;517d3fe8a4bacd58;[];[Stiker]
2785;1768;0;1304996.0;image/jpeg;;[];False;False;669b603e2fede363;[];[Foto]
2786;1768;0;1305158.0;sticker/webp;;[];False;False;78bb5ecc66ccb40f;[];[Stiker]
2787;1768;0;1305187.0;sticker/webp;;[];False;False;5c4174a89aef5c58;[];[Stiker]
2788;1768;0;1305402.0;sticker/webp;;[];False;False;78bb5ecc66ccb40f;[];[Stiker]
2789;1768;0;1305458.0;video/mp4;;[];False;False;5c4174a89aef5c58;[];[Video]
2790;1768;11-50;1305591.0;text;;[];True;False;7cd05039751c8a39;[];kapan terakhir kali ketemu?
2791;1768;0;1306040.0;image/jpeg;;[];False;False;517d3fe8a4bacd58;[];[Foto]
2792;1768;11-50;1306244.0;text;2790.0;[];False;False;78bb5ecc66ccb40f;[];angkotttt ke sana masih ada ga
2793;1768;0;1306266.0;sticker/webp;;[];False;False;78bb5ecc66ccb40f;[];[Stiker]
2794;1768;1-10;1307516.0;text;;[];False;False;7cd05039751c8a39;[];sm
2795;1768;11-50;1307844.0;text;;[];False;False;78bb5ecc66ccb40f;['517d3fe8a4bacd58'];eh denger gosip belum
2796;1768;0;1307999.0;image/jpeg;;[];False;False;517d3fe8a4bacd58;[];[Foto]
2797;1768;11-50;1308011.0;text;;[];False;False;517d3fe8a4bacd58;[];angkot ke sana masih ada ga
2798;1768;11-50;1308019.0;text;;[];False;False;5c4174a89aef5c58;[];REUNI KAPAN YA KITA
2799;1768;11-50;1308025.0;text;;[];False;False;517d3fe8a4bacd58;[];temenin gw dong besok
2800;1768;0;1308026.0;sticker/webp;;[];False;False;5c4174a89aef5c58;[];[Stiker]
2801;1768;11-50;1308122.0;text;;[];True;False;78bb5ecc66ccb40f;[];pinjam catetan boleh ga?
2802;1768;11-50;1308642.0;text;;[];False;False;517d3fe8a4bacd58;[];diem diem ternyata jadian
2803;1768;1-10;1308694.0;text;;['👍'];False;False;78bb5ecc66ccb40f;[];sama
2804;1768;11-50;1308705.0;text;;['😌'];False;False;78bb5ecc66ccb40f;[];eh denger gosip belum
2805;1768;11-50;1308754.0;text;;[];True;False;78bb5ecc66ccb40f;[];pinjam catetan boleh ga?
2806;1768;11-50;1308761.0;text;;[];False;False;78bb5ecc66ccb40f;['7cd05039751c8a39'];diemmm diem ternyata jadiannn
2807;1768;1-10;1308794.0;text;;[];False;False;7cd05039751c8a39;[];amin
2808;1768;1-10;1308810.0;text;;[];True;False;78bb5ecc66ccb40f;[];sampe?
2809;1768;0;1308818.0;image/jpeg;;[];False;False;7cd05039751c8a39;[];[Foto]
2810;1768;11-50;1308839.0;text;;[];False;False;7cd05039751c8a39;[];si tu udah putus katanya
2811;1768;1-10;1308853.0;text;;[];False;False;78bb5ecc66ccb40f;[];wkwkw
2812;1768;1-10;1308858.0;text;;[];False;False;78bb5ecc66ccb40f;[];sama
2813;1768;1-10;1308865.0;text;;[];False;False;7cd05039751c8a39;[];udah
2814;1768;1-10;1308873.0;text;;[];False;False;78bb5ecc66ccb40f;[];setujuu
2815;1769;11-50;1312829.0;text;;[];True;False;78bb5ecc66ccb40f;[];ada yang punyaa catetan?
2816;1769;1-10;1313149.0;text;;[];False;False;15357a396c545b41;[];gaje
2817;1769;11-50;1313154.0;text;;[];True;False;15357a396c545b41;[];ntar malem,,, ngapain?
2818;1769;1-10;1313202.0;text;;[];False;False;78bb5ecc66ccb40f;[];bet
2819;1769;11-50;1313374.0;text;;[];False;False;15357a396c545b41;[];kelas tambahan hari sabtu,,, sih
2820;1770;1-10;1314539.0;text;;[];False;False;15357a396c545b41;[];ooh
2821;1770;11-50;1314551.0;text;;[];False;False;15357a396c545b41;[];gw naik,,, ojol,,, aja deh
2822;1770;1-10;1314640.0;text;;['🔥'];False;False;669b603e2fede363;[];ooh
2823;1770;1-10;1314657.0;text;;[];False;False;517d3fe8a4bacd58;[];mah
2824;1770;11-50;1314667.0;text;;[];True;False;517d3fe8a4bacd58;[];ada yg mau bareng?
2825;1770;11-50;1314830.0;text;;[];False;False;669b603e2fede363;[];kita ketemuan dmn aja deh
2826;1770;51-100;1315370.0;text;;['🙄'];False;False;78bb5ecc66ccb40f;['7cd05039751c8a39'];gw harus nabungggg lebih banyak sih buat bayar uang semesterr yang naik
2827;1771;11-50;1317737.0;text;2825.0;[];False;False;7cd05039751c8a39;[];adek gw masuk sma tahun ni
2828;1771;0;1317745.0;sticker/webp;;[];False;False;7cd05039751c8a39;[];[Stiker]
2829;1771;0;1317800.0;sticker/webp;;[];False;False;78bb5ecc66ccb40f;[];[Stiker]
2830;1771;51-100;1318260.0;text;;['🙄'];False;True;6269a7046147856a;[];ngakak parah tadiiii di kelas ada yang ketiduran pas dosen nerangin!
2831;1771;11-50;1318270.0;text;2825.0;['🤣'];False;False;6269a7046147856a;[];mama minta gw pulang weekendd
2832;1771;51-100;1318477.0;text;;[];False;False;fa349f0a7e6afa78;['6269a7046147856a'];besok ada bazaar di kampus katanya banyak makanan murah, pada ikut ga!!
2833;1771;51-100;1319097.0;text;2832.0;['🙃'];False;False;6269a7046147856a;[];tadii pagi gw olahragaa lari keliling kampus 5 putarann badan pegel semuaa
2834;1771;11-50;1319275.0;text;;[];True;False;15357a396c545b41;[];itu tempatnya jauh ga?
2835;1771;11-50;1319324.0;text;;[];False;False;7cd05039751c8a39;[];gw baru aja ketemu mantan
2836;1771;11-50;1319540.0;text;;[];False;False;5c4174a89aef5c58;[];MAMA MINTA GW PULANG WEEKEND
2837;1772;11-50;1321577.0;text;;[];False;False;6269a7046147856a;[];dosen pembimbing susah ditemuiii
2838;1772;51-100;1322830.0;text;;[];False;False;15357a396c545b41;[];jangan lupa besok kumpul di lobby,,, kampus jam 8 pagi buat berangkat,,, bareng
2839;1773;11-50;1378905.0;text;;[];False;False;5c4174a89aef5c58;[];LU TIM MANA DUKUNGNYA
2840;1773;11-50;1378931.0;text;;[];False;False;7cd05039751c8a39;[];gw lg sibuk bgt minggu ni
2841;1774;11-50;1467774.0;text;;[];True;False;15357a396c545b41;[];pinjam catetan boleh,,, ga?,,,
2842;1774;1-10;1467796.0;text;;[];False;False;78bb5ecc66ccb40f;[];hihii
2843;1774;1-10;1467952.0;text;;[];False;False;fa349f0a7e6afa78;[];ywd!!
2844;1774;0;1468016.0;image/jpeg;;[];False;False;7cd05039751c8a39;[];[Foto]
2845;1774;11-50;1468061.0;text;;[];False;False;669b603e2fede363;[];jangan bilang siapa siapa ya
2846;1774;11-50;1468075.0;text;;[];False;False;669b603e2fede363;[];temenin gw dogn besok
2847;1774;1-10;1468143.0;text;;['😂'];False;False;78bb5ecc66ccb40f;[];trus
2848;1774;1-10;1468169.0;text;;[];False;False;15357a396c545b41;[];amin
2849;1774;11-50;1469476.0;text;;['😂'];False;False;9678f75a4fb4c347;[];eh denger gosip belum
2850;1774;1-10;1469615.0;text;;[];False;False;7cd05039751c8a39;[];amin
2851;1774;0;1469752.0;image/jpeg;;[];False;False;6cb7fd8d86a729e1;[];[Foto]
2852;1774;1-10;1469769.0;image/jpeg;;[];False;False;6cb7fd8d86a729e1;[];[Foto]
2853;1774;11-50;1469776.0;text;;[];False;False;6cb7fd8d86a729e1;[];diem diem ternyata jadian
2854;1774;11-50;1469778.0;text;;['🤦🏻\u200d♂'];False;False;6cb7fd8d86a729e1;[];temenin gw dong besok
2855;1774;11-50;1469888.0;text;;[];False;False;fa349f0a7e6afa78;[];pacarnya baru siapa sih!!
2856;1774;11-50;1469901.0;text;;[];False;False;6cb7fd8d86a729e1;[];temenin gw dong besok
2857;1774;11-50;1469945.0;image/jpeg;;['😂'];False;False;6cb7fd8d86a729e1;[];[Foto]
2858;1774;11-50;1470170.0;text;;[];True;False;fa349f0a7e6afa78;[];kapan terakhir kali ketemu!!
2859;1774;1-10;1470170.0;text;;[];False;False;6cb7fd8d86a729e1;[];cape
2860;1774;1-10;1470174.0;text;;[];False;False;6cb7fd8d86a729e1;[];sama
2861;1774;51-100;1470197.0;text;;[];True;False;fa349f0a7e6afa78;[];lu pernah coba belajar bareng di perpus kota ga, enak ga disana!!
2862;1774;11-50;1470202.0;text;;[];False;False;6cb7fd8d86a729e1;[];temenin gw dong besok
2863;1774;11-50;1470880.0;text;;[];False;False;5c4174a89aef5c58;[];JANGAN BILANG SIAPA SIAPA YA
2864;1774;11-50;1470957.0;text;;[];True;False;6cb7fd8d86a729e1;[];jadwal sidang kapan bro?
2865;1774;0;1470983.0;sticker/webp;;[];False;False;6cb7fd8d86a729e1;[];[Stiker]
2866;1774;0;1471049.0;sticker/webp;;[];False;False;78bb5ecc66ccb40f;[];[Stiker]
2867;1774;1-10;1471180.0;text;;[];False;False;5c4174a89aef5c58;[];HIHI
2868;1774;0;1471537.0;image/jpeg;;[];False;False;7cd05039751c8a39;[];[Foto]
2869;1774;11-50;1472366.0;text;;[];False;False;6cb7fd8d86a729e1;['875a798b5fe6ce5e'];jangan bilang siapa siapa ya
2870;1774;11-50;1472380.0;text;;[];True;False;6cb7fd8d86a729e1;[];kos lu dimana sih tepatnya?
2871;1774;51-100;1472420.0;text;;[];False;False;6cb7fd8d86a729e1;[];hari ini gw ada rapat organisasi sampe sore jadi ga bisa ikut nongkrong
2872;1774;1-10;1472424.0;text;;['😂'];False;False;6cb7fd8d86a729e1;[];cape
2873;1774;1-10;1472433.0;text;;[];True;False;6cb7fd8d86a729e1;[];boleh?
2874;1774;1-10;1472447.0;text;;[];False;False;6cb7fd8d86a729e1;[];amin
2875;1774;11-50;1472468.0;text;;[];False;False;fa349f0a7e6afa78;[];reuni kapan ya kita!!
2876;1774;11-50;1472474.0;text;;[];False;False;6cb7fd8d86a729e1;[];temenin gw dong besok
2877;1774;11-50;1472483.0;text;;[];False;False;6cb7fd8d86a729e1;[];si itu udah putus katanya
2878;1774;11-50;1472484.0;text;;[];False;False;fa349f0a7e6afa78;[];gw ga percaya sih gosipnya!!
2879;1774;51-100;1472513.0;text;;[];False;False;fa349f0a7e6afa78;[];lu harus coba kedai kopi baru di jalan belakang kampus, enak banget!!
2880;1774;11-50;1472554.0;text;;[];False;True;6cb7fd8d86a729e1;[];sedih banget ceritanya!
2881;1774;0;1472588.0;video/mp4;;[];False;False;6cb7fd8d86a729e1;[];[Video]
2882;1774;11-50;1472589.0;text;2880.0;[];False;False;fa349f0a7e6afa78;[];reuni kapan ya kita!!!
2883;1774;11-50;1472593.0;text;;[];False;False;6cb7fd8d86a729e1;[];gw ga percaya sih gosipnya
2884;1774;11-50;1472625.0;text;;[];False;False;fa349f0a7e6afa78;[];gw berantem sama si anu!!!
2885;1774;1-10;1472669.0;text;;[];False;False;6cb7fd8d86a729e1;[];sama
2886;1774;11-50;1472671.0;text;;[];True;False;6cb7fd8d86a729e1;[];jadwal sidang kapan bro?
2887;1774;11-50;1472681.0;text;;[];False;False;6cb7fd8d86a729e1;[];jangan bilang siapa siapa ya
2888;1774;11-50;1472759.0;text;;[];False;True;6cb7fd8d86a729e1;[];gw kaget pas denger itu!
2889;1774;11-50;1472760.0;text;;[];False;False;6cb7fd8d86a729e1;[];reuni kapan ya kita
2890;1774;1-10;1472767.0;text;;[];False;False;6cb7fd8d86a729e1;[];males
2891;1774;1-10;1473276.0;text;;[];False;False;5c4174a89aef5c58;[];WKWKW
2892;1774;11-50;1473636.0;text;;[];False;False;6cb7fd8d86a729e1;[];gw berantem sama si anu
2893;1775;1-10;1476005.0;text;;[];False;False;669b603e2fede363;[];hoik
2894;1775;0;1476007.0;image/jpeg;;[];False;False;669b603e2fede363;[];[Foto]
2895;1775;11-50;1476198.0;text;;[];False;False;5c4174a89aef5c58;[];GW LAGI BACA NOVEL BARU NIH
2896;1775;11-50;1476204.0;text;;[];False;False;5c4174a89aef5c58;[];KONSER ITU MAHAL BANGET TIKETNYA
2897;1775;1-10;1476211.0;text;;[];False;False;6cb7fd8d86a729e1;[];njir
2898;1775;51-100;1476223.0;text;;[];True;False;6cb7fd8d86a729e1;[];kira kira kalo gw apply magang sekarang masih keburu ga ya?
2899;1775;1-10;1476224.0;text;;[];False;False;5c4174a89aef5c58;[];FYI
2900;1775;1-10;1476226.0;text;;[];False;False;5c4174a89aef5c58;[];HOKI
2901;1775;11-50;1479134.0;text;2893.0;[];False;False;78bb5ecc66ccb40f;[];badminton yuk soree ini
2902;1776;11-50;1485122.0;text;;[];True;False;15357a396c545b41;[];gw harus bawa apa aja?
2903;1776;11-50;1485733.0;text;;[];False;False;7cd05039751c8a39;[];ntar gw kabarin lg deh
2904;1776;1-10;1485742.0;text;;[];False;False;7cd05039751c8a39;[];seep
2905;1776;1-10;1485842.0;text;;[];False;False;78bb5ecc66ccb40f;[];hemmm
2906;1777;1-10;1487868.0;text;;[];False;False;5c4174a89aef5c58;[];AYOK
2907;1777;1-10;1488331.0;text;;['👍🏼'];False;False;15357a396c545b41;[];gass
2908;1777;11-50;1489779.0;text;;[];False;False;7cd05039751c8a39;['15357a396c545b41'];es teh manis satu ya bang
2909;1778;11-50;1492436.0;text;;['😂'];False;False;9678f75a4fb4c347;[];jangan bilang siapa siapa ya
2910;1778;11-50;1494144.0;text;;[];False;False;5c4174a89aef5c58;[];GW BERANTEM SAMA SI ANU
2911;1778;11-50;1494147.0;text;;[];False;False;5c4174a89aef5c58;[];DIEM DIEM TERNYATA JADIAN
2912;1778;11-50;1494301.0;text;;[];False;False;fa349f0a7e6afa78;[];si itu udah putus katanya!!!
2913;1778;11-50;1494301.0;text;;[];False;False;fa349f0a7e6afa78;[];jangan bilang siapa siapa ya!!
2914;1778;11-50;1494318.0;text;;[];False;False;5c4174a89aef5c58;[];REUNI KAPAN YA KITA
2915;1778;11-50;1494333.0;text;2912.0;[];False;False;6cb7fd8d86a729e1;[];temenin gw dong besok
2916;1778;11-50;1494340.0;text;;[];False;False;5c4174a89aef5c58;[];GW BERANTEM SAMA SI ANU
2917;1778;11-50;1494472.0;text;;[];False;False;fa349f0a7e6afa78;[];reuni kapan ya kita!!
2918;1778;1-10;1494473.0;text;;[];False;False;fa349f0a7e6afa78;[];cape!!!
2919;1778;11-50;1494901.0;text;;[];False;False;5c4174a89aef5c58;[];GW KANGEN TEMEN TEMEN SMA
2920;1778;0;1494920.0;sticker/webp;;[];False;False;6cb7fd8d86a729e1;[];[Stiker]
2921;1778;0;1494938.0;sticker/webp;;[];False;False;5c4174a89aef5c58;[];[Stiker]
2922;1779;0;1496470.0;sticker/webp;;[];False;False;6cb7fd8d86a729e1;[];[Stiker]
2923;1779;11-50;1496477.0;text;;[];False;False;6cb7fd8d86a729e1;[];temen gw sakit masuk rs
2924;1779;0;1496543.0;sticker/webp;;[];False;False;5c4174a89aef5c58;[];[Stiker]
2925;1780;0;1498507.0;sticker/webp;;[];False;False;78bb5ecc66ccb40f;[];[Stiker]
2926;1780;0;1498545.0;sticker/webp;;[];False;False;5c4174a89aef5c58;[];[Stiker]
2927;1780;0;1498547.0;sticker/webp;;[];False;False;5c4174a89aef5c58;[];[Stiker]
2928;1781;0;1499472.0;image/jpeg;;[];False;False;669b603e2fede363;[];[Foto]
2929;1781;11-50;1500103.0;text;;[];False;False;5c4174a89aef5c58;[];GW NGGA BISA IKUT MALEM INI
2930;1782;0;1547631.0;image/jpeg;;[];False;False;669b603e2fede363;[];[Foto]
2931;1782;1-10;1547680.0;text;;[];False;False;15357a396c545b41;[];oh
2932;1782;1-10;1548915.0;text;;[];False;False;7cd05039751c8a39;[];yoii
2933;1782;11-50;1548921.0;text;;[];True;False;7cd05039751c8a39;[];bs jemput gw ga?
2934;1782;11-50;1549023.0;text;;[];False;False;7cd05039751c8a39;[];dompet gw ketinggalan di rumah
2935;1783;11-50;1549714.0;text;;[];False;False;7cd05039751c8a39;[];lu udah makan blm
2936;1783;11-50;1549722.0;text;;[];False;False;7cd05039751c8a39;[];seminar tadi lama bgt
2937;1783;51-100;1550363.0;text;;[];True;False;78bb5ecc66ccb40f;[];menurut lu gw harus ambil mata kuliahh pilihan yangg manaaa semester depan?
2938;1783;1-10;1550372.0;text;;['😅'];False;False;78bb5ecc66ccb40f;[];hmmm
2939;1783;1-10;1550374.0;text;;[];False;False;517d3fe8a4bacd58;[];hmm
2940;1783;1-10;1550378.0;text;;[];False;False;517d3fe8a4bacd58;[];asli
2941;1783;11-50;1550381.0;text;;['😅'];False;False;78bb5ecc66ccb40f;[];gw mau ambilll cutiii semester
2942;1783;11-50;1550386.0;text;;[];False;False;517d3fe8a4bacd58;[];mie ayam pak kumis juara sih
2943;1783;11-50;1550387.0;text;;[];True;False;78bb5ecc66ccb40f;[];ntar malem ngapain?
2944;1783;11-50;1550388.0;text;;[];True;False;78bb5ecc66ccb40f;[];adaaa yang punya catetan?
2945;1783;1-10;1550400.0;text;;[];False;False;517d3fe8a4bacd58;[];nih
2946;1783;1-10;1550420.0;text;;[];False;False;517d3fe8a4bacd58;[];sabi
2947;1783;1-10;1550443.0;text;;[];False;False;517d3fe8a4bacd58;[];gaje
2948;1783;1-10;1550447.0;text;;[];False;False;517d3fe8a4bacd58;[];gaje
2949;1783;11-50;1550448.0;text;;[];False;False;517d3fe8a4bacd58;[];tugas kelompok bikin pusing
2950;1783;11-50;1550457.0;text;;[];False;False;517d3fe8a4bacd58;[];warteg depan kampus enak
2951;1783;11-50;1550468.0;text;;[];False;False;517d3fe8a4bacd58;[];lu udah makan belum
2952;1783;1-10;1550468.0;text;;[];False;False;517d3fe8a4bacd58;[];hmm
2953;1783;11-50;1550489.0;text;;[];False;False;517d3fe8a4bacd58;[];mie ayam pak kumis juara sih
2954;1783;11-50;1550509.0;text;;[];False;False;517d3fe8a4bacd58;[];gw mau ambil cuti semester
2955;1783;0;1550509.0;sticker/webp;;[];False;False;5c4174a89aef5c58;[];[Stiker]
2956;1783;11-50;1550511.0;text;;[];False;False;78bb5ecc66ccb40f;[];gw baruu aja dari kampus
2957;1783;11-50;1550513.0;text;;[];True;False;517d3fe8a4bacd58;[];gimana kabar lu sekarang?
2958;1783;1-10;1550515.0;text;;[];False;False;517d3fe8a4bacd58;[];gaje
2959;1783;11-50;1550521.0;text;;[];False;False;517d3fe8a4bacd58;[];gw laper banget nih
2960;1783;11-50;1550524.0;text;;[];False;False;78bb5ecc66ccb40f;[];seminar tadiiii lama bangett
2961;1783;11-50;1550527.0;text;;[];False;False;78bb5ecc66ccb40f;[];seminarrrr tadi lama bangettt
2962;1783;11-50;1550531.0;text;;[];False;False;517d3fe8a4bacd58;[];gw baru aja dari kampus
2963;1783;1-10;1550534.0;text;;[];False;False;517d3fe8a4bacd58;[];aman
2964;1783;1-10;1550537.0;text;;[];False;False;517d3fe8a4bacd58;[];nih
2965;1783;11-50;1550548.0;text;;[];False;False;517d3fe8a4bacd58;[];sidang minggu depan doain ya
2966;1783;0;1550570.0;image/jpeg;;[];False;False;78bb5ecc66ccb40f;[];[Foto]
2967;1783;11-50;1550570.0;text;;[];False;False;517d3fe8a4bacd58;[];warteg depan kampus enak
2968;1783;1-10;1550575.0;text;;[];False;False;758552ae48a9c576;[];Aman.
2969;1783;11-50;1550581.0;text;;[];False;False;758552ae48a9c576;[];Gw laper banget nih.
2970;1783;11-50;1550598.0;text;;[];False;False;758552ae48a9c576;[];Warteg depan kampus enak.
2971;1783;11-50;1550605.0;text;;[];False;False;758552ae48a9c576;[];Dosen pembimbing susah ditemui.
2972;1783;11-50;1550606.0;text;2966.0;['🎊', '🥳'];False;False;15357a396c545b41;[];proposal skripsi gw,,, ditolak,,,
2973;1783;1-10;1550608.0;text;;[];False;False;758552ae48a9c576;[];Gaje.
2974;1783;11-50;1550613.0;text;;[];False;False;78bb5ecc66ccb40f;[];warteg depan kampus enak
2975;1783;51-100;1550647.0;text;;[];False;False;78bb5ecc66ccb40f;[];kemarin gw ke toko buku beliii novel baruuu samaa buku referensi buat skripsiiii
2976;1783;1-10;1550648.0;text;;[];False;False;517d3fe8a4bacd58;[];asli
2977;1783;11-50;1550660.0;text;;[];False;False;517d3fe8a4bacd58;[];proposal skripsi gw ditolak
2978;1783;1-10;1550663.0;text;;[];False;False;517d3fe8a4bacd58;[];aman
2979;1783;11-50;1550664.0;text;;[];False;False;78bb5ecc66ccb40f;[];warteg depan kampusss enak
2980;1783;1-10;1550666.0;text;;[];False;False;78bb5ecc66ccb40f;[];sabi
2981;1783;11-50;1550674.0;text;;[];False;False;517d3fe8a4bacd58;[];mie ayam pak kumis juara sih
2982;1783;11-50;1550685.0;text;;[];False;False;78bb5ecc66ccb40f;[];dosen pembimbing susah ditemuii
2983;1783;11-50;1550692.0;text;;[];False;False;fa349f0a7e6afa78;[];sidang minggu depan doain ya!!
2984;1783;11-50;1550693.0;text;;[];False;False;78bb5ecc66ccb40f;[];gw baruu aja dariiii kampus
2985;1783;11-50;1550694.0;text;;[];False;False;78bb5ecc66ccb40f;[];gw laperrrr bangetttt nih
2986;1783;11-50;1550695.0;text;2982.0;[];False;False;517d3fe8a4bacd58;[];seminar tadi lama banget
2987;1783;11-50;1550711.0;text;;[];True;False;517d3fe8a4bacd58;[];gimana kabar lu sekarang?
2988;1783;1-10;1550725.0;text;;[];False;False;78bb5ecc66ccb40f;[];asli
2989;1783;1-10;1550725.0;text;;[];False;False;78bb5ecc66ccb40f;[];amannn
2990;1783;11-50;1550732.0;text;;[];False;False;517d3fe8a4bacd58;[];gw laper banget nih
2991;1783;11-50;1550752.0;text;;[];False;False;78bb5ecc66ccb40f;[];proposal skripsi gw ditolakkkk
2992;1783;11-50;1550809.0;text;;[];True;False;fa349f0a7e6afa78;[];boleh gw ikut ga!!
2993;1783;11-50;1550810.0;text;;[];False;False;fa349f0a7e6afa78;['6cb7fd8d86a729e1'];dosen pembimbing susah ditemui!!
2994;1783;1-10;1550873.0;text;;[];False;False;78bb5ecc66ccb40f;[];bet
2995;1783;51-100;1550882.0;text;;[];False;False;78bb5ecc66ccb40f;[];jangan lupa besok kumpul di lobby kampussss jammmm 8 pagi buattt berangkat bareng
2996;1783;1-10;1550910.0;text;;[];False;False;6cb7fd8d86a729e1;[];nih
2997;1783;11-50;1551018.0;text;;[];False;False;517d3fe8a4bacd58;[];sidang minggu depan doain ya
2998;1783;11-50;1551023.0;text;;[];False;False;669b603e2fede363;[];tugsa kelompok biikn puisng
2999;1783;1-10;1551030.0;text;;['🥳'];False;False;669b603e2fede363;[];done
3000;1783;11-50;1551033.0;text;;[];False;False;517d3fe8a4bacd58;[];gw mau ambil cuti semester
